Provided by yucezhe.com. Please contact QQ:2023046319 or contact@yucezhe.com if you have any question.
candle_begin_time,open,high,low,close,volume
2017-12-09 00:00:00,15843.0,15843.0,15760.0,15760.0,47.000008739999984
2017-12-09 00:01:00,15788.0,15801.0,15749.69044402,15762.0,43.07434877999999
2017-12-09 00:02:00,15774.0,15831.0,15763.0,15827.0,40.26971366000001
2017-12-09 00:03:00,15823.84263728,15949.0,15813.0,15872.0,47.440509600000006
2017-12-09 00:04:00,15873.0,15959.0,15869.0,15923.0,44.31559373
2017-12-09 00:05:00,15923.0,15959.0,15919.0,15924.0,11.281933380000002
2017-12-09 00:06:00,15923.0,15991.0,15910.0,15990.0,20.613387169999992
2017-12-09 00:07:00,15991.0,16000.0,15983.0,16000.0,100.03474574999998
2017-12-09 00:08:00,16000.0,16100.0,15999.0,16058.0,217.56602385999963
2017-12-09 00:09:00,16057.0,16100.0,16050.0,16082.0,69.57439085000001
2017-12-09 00:10:00,16072.0,16100.0,16023.0,16023.0,46.000032760000025
2017-12-09 00:11:00,16028.0,16040.0,16024.0,16030.0,12.090091769999999
2017-12-09 00:12:00,16032.0,16036.0,15974.0,16023.93585718,32.794523139999995
2017-12-09 00:13:00,16007.0,16020.40480035,15963.0,15978.0,36.12345231999999
2017-12-09 00:14:00,15978.0,16030.0,15978.0,15992.0,37.68372842000002
2017-12-09 00:15:00,16001.0,16016.0,15984.0,15999.0,14.569118499999997
2017-12-09 00:16:00,16000.0,16123.0,15991.0,16089.0,63.47026614999999
2017-12-09 00:17:00,16070.0,16149.0,16070.0,16123.0,55.40812773000004
2017-12-09 00:18:00,16118.0,16160.0,16117.0,16148.0,90.45175358
2017-12-09 00:19:00,16148.0,16253.0,16131.0,16205.0,273.4060823799998
2017-12-09 00:20:00,16205.0,16300.0,16181.0,16206.0,101.83966484999995
2017-12-09 00:21:00,16203.0,16226.0,16202.0,16222.0,35.843724689999995
2017-12-09 00:22:00,16222.0,16277.0,16220.0,16250.0,57.02708971999999
2017-12-09 00:23:00,16250.0,16257.0,16200.0,16201.0,97.04491385
2017-12-09 00:24:00,16200.0,16207.0,16165.0,16173.0,43.23129405000001
2017-12-09 00:25:00,16175.0,16175.0,16150.0,16158.0,39.65162773999999
2017-12-09 00:26:00,16157.0,16238.0,16150.0,16219.0,77.84553534000003
2017-12-09 00:27:00,16229.0,16234.0,16173.0,16212.0,57.47377839999999
2017-12-09 00:28:00,16214.0,16223.0,16150.0,16172.0,49.735798700000004
2017-12-09 00:29:00,16161.0,16220.0,16150.0,16200.0,53.186190900000014
2017-12-09 00:30:00,16201.0,16201.0,16150.0,16150.0,52.40838289000002
2017-12-09 00:31:00,16164.0,16164.0,16028.64393294,16089.0,61.33371205000003
2017-12-09 00:32:00,16089.0,16155.76197852,16081.0,16132.0,27.03879361
2017-12-09 00:33:00,16132.0,16132.0,16100.0,16115.0,20.289708270000016
2017-12-09 00:34:00,16112.0,16147.0,16098.0,16147.0,43.91629119
2017-12-09 00:35:00,16141.0,16147.0,16060.0,16065.0,26.970693259999994
2017-12-09 00:36:00,16065.0,16071.0,16050.0,16059.0,42.72314208000002
2017-12-09 00:37:00,16050.0,16062.0,16043.0,16050.0,9.826806790000001
2017-12-09 00:38:00,16050.0,16050.0,16025.0,16025.0,44.19204321
2017-12-09 00:39:00,16023.0,16024.0,15935.0,15950.0,51.64059917000006
2017-12-09 00:40:00,15959.0,15962.0,15903.87992524,15911.0,35.94329720000002
2017-12-09 00:41:00,15918.0,15918.0,15867.0,15894.0,49.402185550000006
2017-12-09 00:42:00,15893.0,16012.0,15862.0,15956.0,70.61144752000003
2017-12-09 00:43:00,15956.0,15969.0,15886.0,15895.0,32.74719960000001
2017-12-09 00:44:00,15899.0,15913.0,15856.0,15856.0,58.53999956999999
2017-12-09 00:45:00,15880.0,15924.0,15830.0,15916.0,43.14744967000001
2017-12-09 00:46:00,15914.0,15980.0,15881.0,15977.0,52.089464679999985
2017-12-09 00:47:00,15977.0,16109.0,15974.50106167,16052.0,119.53721935999995
2017-12-09 00:48:00,16057.0,16057.0,15975.0,15998.0,22.97232212
2017-12-09 00:49:00,15995.0,15999.0,15980.0,15980.0,13.215682019999994
2017-12-09 00:50:00,15981.0,15992.0,15952.0,15971.0,14.426533820000001
2017-12-09 00:51:00,15958.0,15960.0,15952.0,15953.0,8.10845908
2017-12-09 00:52:00,15954.0,15955.0,15902.0,15928.0,31.86238757
2017-12-09 00:53:00,15927.0,15939.0,15902.0,15925.0,19.888158660000002
2017-12-09 00:54:00,15925.0,15926.0,15781.0,15781.0,100.74001206999993
2017-12-09 00:55:00,15827.0,15881.0,15783.0,15842.0,38.68214934
2017-12-09 00:56:00,15840.0,15855.0,15793.0,15800.0,35.60796858
2017-12-09 00:57:00,15800.0,15817.0,15741.0,15766.0,30.43429576
2017-12-09 00:58:00,15755.0,15765.0,15665.0,15684.0,85.45192541999995
2017-12-09 00:59:00,15688.0,15700.0,15622.0,15694.0,55.85448963000001
2017-12-09 01:00:00,15697.0,15727.0,15636.0,15714.0,81.11150648000002
2017-12-09 01:01:00,15714.0,15788.0,15714.0,15766.0,66.38252107000004
2017-12-09 01:02:00,15766.0,15812.07244787,15765.0,15809.0,37.62465853000001
2017-12-09 01:03:00,15804.0,15804.0,15767.0,15777.93889859,53.52624508000003
2017-12-09 01:04:00,15777.0,15828.0,15761.0,15804.0,23.41799891
2017-12-09 01:05:00,15814.0,15855.0,15814.0,15842.0,40.01084777000003
2017-12-09 01:06:00,15851.0,15866.0,15840.0,15852.0,35.77255453999995
2017-12-09 01:07:00,15850.0,15863.86128126,15840.0,15862.0,16.310898379999998
2017-12-09 01:08:00,15857.0,15863.86128126,15786.0,15804.0,42.516567400000014
2017-12-09 01:09:00,15807.36437211,15808.0,15765.0,15776.0,16.716518029999996
2017-12-09 01:10:00,15776.0,15825.0,15759.0,15811.0,15.467627180000001
2017-12-09 01:11:00,15823.0,15829.72773198,15772.0,15829.72773198,16.81947602
2017-12-09 01:12:00,15818.0,15841.0,15788.0,15810.0,21.836929819999995
2017-12-09 01:13:00,15810.0,15866.0,15807.0,15866.0,44.97542996000003
2017-12-09 01:14:00,15870.0,15921.0,15822.0,15889.0,46.408734120000034
2017-12-09 01:15:00,15884.0,15886.0,15800.0,15812.0,14.799643259999993
2017-12-09 01:16:00,15813.0,15885.0,15813.0,15883.0,36.17725124999999
2017-12-09 01:17:00,15884.0,15895.0,15884.0,15891.0,5.5433248399999995
2017-12-09 01:18:00,15890.0,15910.0,15857.0,15910.0,24.076534389999996
2017-12-09 01:19:00,15889.0,15928.0,15863.0,15928.0,49.506890089999985
2017-12-09 01:20:00,15906.0,15966.0,15893.0,15902.0,38.95950932
2017-12-09 01:21:00,15901.0,15911.0,15890.0,15911.0,15.929983239999993
2017-12-09 01:22:00,15911.0,15922.0,15902.0,15910.0,12.950498480000002
2017-12-09 01:23:00,15910.0,15973.0,15910.0,15966.0,42.03009728
2017-12-09 01:24:00,15960.0,16000.0,15930.0,15930.0,61.896828000000006
2017-12-09 01:25:00,15930.0,16000.0,15930.0,15936.0,56.09224093000001
2017-12-09 01:26:00,15936.0,15940.0,15930.0,15930.0,86.45243426000002
2017-12-09 01:27:00,15929.0,15929.0,15806.0,15860.0,50.00913796000006
2017-12-09 01:28:00,15860.0,15860.0,15818.0,15840.0,43.677464070000006
2017-12-09 01:29:00,15839.0,15839.0,15787.0,15788.0,52.93226875000005
2017-12-09 01:30:00,15788.0,15788.0,15698.0,15719.0,118.17361271000003
2017-12-09 01:31:00,15729.0,15730.85814097,15675.0,15675.0,47.58712379999998
2017-12-09 01:32:00,15680.0,15690.0,15603.0,15659.0,71.93300397000006
2017-12-09 01:33:00,15657.0,15694.0,15646.0,15681.0,49.201062770000014
2017-12-09 01:34:00,15681.0,15722.0,15674.0,15709.0,24.634187590000003
2017-12-09 01:35:00,15708.0,15722.0,15703.0,15706.0,10.139516319999997
2017-12-09 01:36:00,15705.0,15705.0,15629.0,15630.0,37.43488726
2017-12-09 01:37:00,15632.0,15695.0,15619.0,15683.0,22.435303409999992
2017-12-09 01:38:00,15673.0,15678.0,15602.0,15623.0,44.92265875
2017-12-09 01:39:00,15622.0,15637.0,15540.0,15637.0,179.21183228999993
2017-12-09 01:40:00,15626.0,15735.0,15626.0,15643.0,87.65263672000002
2017-12-09 01:41:00,15643.0,15709.0,15642.0,15684.0,73.34093025000003
2017-12-09 01:42:00,15683.0,15720.0,15672.0,15694.0,34.27937860000001
2017-12-09 01:43:00,15710.0,15730.0,15700.0,15701.0,15.220032420000003
2017-12-09 01:44:00,15700.0,15722.0,15680.0,15718.0,46.622721579999975
2017-12-09 01:45:00,15718.0,15737.0,15693.0,15698.0,20.27565340999999
2017-12-09 01:46:00,15694.0,15700.0,15677.0,15692.0,11.533050289999991
2017-12-09 01:47:00,15692.0,15694.0,15677.0,15684.0,20.883365289999983
2017-12-09 01:48:00,15689.0,15700.0,15662.0,15662.0,7.86744792
2017-12-09 01:49:00,15663.0,15676.0,15557.0,15584.0,90.58070431999991
2017-12-09 01:50:00,15584.0,15643.0,15584.0,15636.0,31.24577859
2017-12-09 01:51:00,15636.0,15637.0,15586.0,15611.0,15.357154359999996
2017-12-09 01:52:00,15603.0,15612.0,15590.0,15606.0,6.17560316
2017-12-09 01:53:00,15604.0,15615.0,15584.0,15584.0,20.534156160000006
2017-12-09 01:54:00,15584.0,15606.0,15525.0,15565.0,37.843804590000026
2017-12-09 01:55:00,15564.0,15564.0,15434.0,15470.0,229.58246889000003
2017-12-09 01:56:00,15462.0,15488.0,15414.0,15431.0,57.61402563
2017-12-09 01:57:00,15437.0,15457.0,15411.88600807,15450.0,42.678311910000005
2017-12-09 01:58:00,15450.0,15450.0,15410.0,15411.0,72.11331355000002
2017-12-09 01:59:00,15411.0,15413.0,15368.0,15370.0,97.19747251000004
2017-12-09 02:00:00,15370.0,15371.0,15344.0,15346.0,25.836413470000004
2017-12-09 02:01:00,15358.0,15460.0,15331.0,15456.0,167.57888324999982
2017-12-09 02:02:00,15456.0,15456.0,15390.0,15447.0,67.60113798999997
2017-12-09 02:03:00,15449.0,15481.33012556,15444.0,15468.0,31.495142989999994
2017-12-09 02:04:00,15467.0,15543.0,15466.0,15539.00405365,149.84339154999998
2017-12-09 02:05:00,15539.0,15564.0,15525.0,15563.0,55.03578923
2017-12-09 02:06:00,15564.0,15622.0,15563.0,15596.0,36.36298766000002
2017-12-09 02:07:00,15577.0,15588.0,15541.0,15554.0,51.38915030000003
2017-12-09 02:08:00,15554.0,15575.0,15530.0,15575.0,29.589576170000008
2017-12-09 02:09:00,15571.0,15600.0,15571.0,15581.0,23.54660652000001
2017-12-09 02:10:00,15584.0,15594.0,15564.0,15573.0,12.508423790000005
2017-12-09 02:11:00,15574.0,15597.0,15547.24318624,15584.0,32.085881130000004
2017-12-09 02:12:00,15596.0,15666.0,15583.0,15641.0,77.05407241
2017-12-09 02:13:00,15641.0,15689.0,15640.0,15689.0,75.0656691
2017-12-09 02:14:00,15683.0,15734.0,15683.0,15720.0,43.64951005
2017-12-09 02:15:00,15720.0,15758.0,15720.0,15731.0,37.63404724999999
2017-12-09 02:16:00,15730.0,15734.0,15690.0,15701.0,30.055373120000013
2017-12-09 02:17:00,15712.0,15712.0,15651.0,15655.0,21.440174879999997
2017-12-09 02:18:00,15658.0,15668.0,15640.0,15666.0,19.868279429999998
2017-12-09 02:19:00,15667.0,15670.0,15622.0,15622.0,11.844821639999997
2017-12-09 02:20:00,15622.0,15623.0,15550.0,15552.0,56.50892940000002
2017-12-09 02:21:00,15554.0,15599.0,15526.0,15585.0,14.83232794
2017-12-09 02:22:00,15591.0,15601.0,15574.0,15577.0,11.299388179999994
2017-12-09 02:23:00,15578.0,15578.0,15550.0,15559.0,14.503700910000003
2017-12-09 02:24:00,15550.0,15574.0,15549.0,15568.0,32.30020625
2017-12-09 02:25:00,15569.0,15575.0,15548.0,15569.0,19.114379519999993
2017-12-09 02:26:00,15570.0,15638.0,15567.0,15571.0,27.03635320000001
2017-12-09 02:27:00,15573.0,15587.0,15560.0,15564.0,10.971409530000003
2017-12-09 02:28:00,15570.0,15580.0,15467.0,15517.0,68.43477655000005
2017-12-09 02:29:00,15506.0,15541.0,15500.0,15527.0,15.873462419999989
2017-12-09 02:30:00,15536.0,15539.0,15488.0,15509.0,22.771504510000018
2017-12-09 02:31:00,15508.0,15524.0,15503.0,15514.0,6.678861469999999
2017-12-09 02:32:00,15513.0,15543.0,15502.0,15530.0,20.19251606
2017-12-09 02:33:00,15530.0,15531.0,15510.0,15519.0,22.146883330000005
2017-12-09 02:34:00,15520.0,15524.0,15519.0,15519.0,17.525194929999998
2017-12-09 02:35:00,15519.0,15522.0,15492.0,15492.0,14.680569270000005
2017-12-09 02:36:00,15492.0,15513.0,15486.0,15498.0,12.13447522
2017-12-09 02:37:00,15499.0,15500.0,15480.0,15481.0,4.202542560000001
2017-12-09 02:38:00,15480.0,15495.0,15455.0,15486.0,8.677090589999999
2017-12-09 02:39:00,15471.0,15500.0,15470.0,15476.0,6.312282879999999
2017-12-09 02:40:00,15471.0,15471.0,15440.0,15441.0,8.636120130000002
2017-12-09 02:41:00,15441.0,15463.0,15430.0,15448.0,13.484102419999994
2017-12-09 02:42:00,15447.0,15470.0,15439.0,15439.0,28.964827710000005
2017-12-09 02:43:00,15434.0,15454.0,15411.0,15440.0,26.299007120000002
2017-12-09 02:44:00,15440.0,15539.0,15440.0,15521.0,91.39915876
2017-12-09 02:45:00,15538.0,15623.0,15475.44503086,15481.0,114.19289812999999
2017-12-09 02:46:00,15483.0,15499.0,15482.0,15490.0,11.121679709999997
2017-12-09 02:47:00,15490.0,15500.0,15490.0,15499.0,11.19552022
2017-12-09 02:48:00,15499.0,15500.0,15499.0,15500.0,104.22264658999998
2017-12-09 02:49:00,15499.0,15540.0,15499.0,15518.0,64.18410928000002
2017-12-09 02:50:00,15522.0,15559.0,15520.0,15554.0,31.5199259
2017-12-09 02:51:00,15554.0,15590.0,15542.0,15570.78356505,35.61702225000001
2017-12-09 02:52:00,15570.0,15623.0,15570.0,15622.0,12.786576429999997
2017-12-09 02:53:00,15622.0,15656.0,15614.0,15655.0,31.25604036000002
2017-12-09 02:54:00,15652.0,15725.0,15651.0,15657.0,40.49812743000004
2017-12-09 02:55:00,15667.0,15667.0,15601.0,15625.0,43.76327768
2017-12-09 02:56:00,15636.0,15652.0,15602.0,15643.0,16.545279109999996
2017-12-09 02:57:00,15643.0,15668.0,15642.0,15668.0,15.335947399999995
2017-12-09 02:58:00,15656.0,15666.0,15614.0,15640.0,8.5136537
2017-12-09 02:59:00,15635.0,15647.0,15601.0,15601.0,37.16049684000001
2017-12-09 03:00:00,15601.0,15640.0,15601.0,15634.0,10.865152
2017-12-09 03:01:00,15634.0,15639.0,15601.0,15601.0,20.897544179999997
2017-12-09 03:02:00,15609.0,15630.0,15575.0,15575.0,17.19624498999999
2017-12-09 03:03:00,15576.0,15595.0,15551.0,15558.0,20.293366859999992
2017-12-09 03:04:00,15559.0,15575.0,15558.0,15563.0,16.175041249999992
2017-12-09 03:05:00,15563.0,15585.0,15563.0,15584.0,15.544773099999999
2017-12-09 03:06:00,15574.0,15580.0,15571.0,15579.0,8.535080150000002
2017-12-09 03:07:00,15579.0,15600.0,15579.0,15600.0,52.87538226
2017-12-09 03:08:00,15599.0,15600.0,15599.0,15600.0,18.66554989
2017-12-09 03:09:00,15600.0,15600.0,15599.0,15599.0,13.866672910000004
2017-12-09 03:10:00,15600.0,15600.0,15599.0,15600.0,12.352676370000001
2017-12-09 03:11:00,15600.0,15600.0,15570.0,15571.0,15.724964780000011
2017-12-09 03:12:00,15570.0,15577.0,15562.0,15577.0,18.008347139999994
2017-12-09 03:13:00,15576.0,15600.0,15569.0,15570.0,18.973393809999997
2017-12-09 03:14:00,15575.0,15600.0,15566.0,15574.0,53.94069705000003
2017-12-09 03:15:00,15575.0,15597.0,15565.0,15582.0,14.768717459999998
2017-12-09 03:16:00,15583.0,15599.0,15575.0,15592.0,8.495981410000002
2017-12-09 03:17:00,15588.0,15600.0,15580.0,15596.0,8.273613789999997
2017-12-09 03:18:00,15596.0,15600.0,15593.0,15595.0,11.884694569999999
2017-12-09 03:19:00,15597.0,15599.0,15570.0,15598.0,19.21515279
2017-12-09 03:20:00,15599.0,15631.0,15596.0,15631.0,10.585056539999998
2017-12-09 03:21:00,15612.0,15625.0,15610.0,15622.0,9.78673727
2017-12-09 03:22:00,15621.0,15652.0,15621.0,15623.0,30.273654919999995
2017-12-09 03:23:00,15623.0,15627.0,15623.0,15626.0,6.346380159999997
2017-12-09 03:24:00,15631.0,15631.0,15615.0,15616.0,8.37995106
2017-12-09 03:25:00,15615.0,15616.0,15575.0,15587.0,8.780332979999997
2017-12-09 03:26:00,15580.0,15618.0,15580.0,15611.0,8.901665020000001
2017-12-09 03:27:00,15613.0,15629.0,15601.0,15615.0,4.41104019
2017-12-09 03:28:00,15620.0,15641.0,15594.0,15610.0,16.008956580000003
2017-12-09 03:29:00,15609.0,15609.0,15579.02269763,15595.0,8.368447949999993
2017-12-09 03:30:00,15596.0,15600.0,15561.0,15597.0,19.734585560000003
2017-12-09 03:31:00,15595.0,15602.0,15577.0,15597.0,10.66047243
2017-12-09 03:32:00,15596.0,15610.0,15452.0,15521.34876954,97.3395805399999
2017-12-09 03:33:00,15524.0,15543.0,15414.24004595,15436.0,62.90905791000006
2017-12-09 03:34:00,15436.0,15447.0,15360.0,15387.0,87.66141134000002
2017-12-09 03:35:00,15386.0,15446.0,15386.0,15437.0,38.19332731999998
2017-12-09 03:36:00,15421.0,15500.0,15414.0,15495.0,61.2713315
2017-12-09 03:37:00,15495.45435285,15510.0,15463.67484146,15473.0,44.51103311999999
2017-12-09 03:38:00,15464.8518604,15498.0,15453.0,15488.0,12.295224700000002
2017-12-09 03:39:00,15479.0,15494.0,15409.0,15417.0,37.254431480000015
2017-12-09 03:40:00,15426.0,15443.0,15402.46985654,15441.0,19.398815989999996
2017-12-09 03:41:00,15427.0,15465.0,15410.0,15425.0,21.696612180000002
2017-12-09 03:42:00,15418.0,15440.0,15417.0,15430.0,7.853401039999998
2017-12-09 03:43:00,15425.0,15437.0,15424.0,15434.0,4.444350279999999
2017-12-09 03:44:00,15433.072349000002,15461.0,15430.0,15461.0,4.625413780000001
2017-12-09 03:45:00,15466.0,15565.0,15466.0,15514.0,67.57457352999995
2017-12-09 03:46:00,15518.0,15518.0,15466.0,15479.0,16.746532309999992
2017-12-09 03:47:00,15478.0,15498.0,15463.0,15498.0,8.25438629
2017-12-09 03:48:00,15497.0,15500.0,15466.0,15485.0,9.139161359999997
2017-12-09 03:49:00,15481.0,15490.0,15476.0,15483.0,2.32078466
2017-12-09 03:50:00,15483.0,15499.0,15482.0,15499.0,19.007266210000004
2017-12-09 03:51:00,15486.0,15500.0,15484.0,15491.0,14.10218107
2017-12-09 03:52:00,15497.0,15499.0,15460.14378463,15496.63137179,16.52485165
2017-12-09 03:53:00,15475.0,15500.0,15436.0,15441.0,17.965313479999992
2017-12-09 03:54:00,15445.0,15445.0,15427.0,15438.0,24.298650329999994
2017-12-09 03:55:00,15445.0,15500.0,15438.0,15492.0,9.464691889999996
2017-12-09 03:56:00,15491.0,15499.0,15476.0,15482.0,4.275082230000001
2017-12-09 03:57:00,15482.0,15499.0,15460.0,15470.0,4.996768399999999
2017-12-09 03:58:00,15477.0,15495.0,15463.0,15463.0,3.3038518100000003
2017-12-09 03:59:00,15463.0,15488.0,15450.0,15466.0,6.732491649999997
2017-12-09 04:00:00,15475.0,15489.0,15461.0,15461.0,4.45571255
2017-12-09 04:01:00,15461.0,15479.0,15459.0,15474.0,20.52624011
2017-12-09 04:02:00,15477.0,15500.0,15470.0,15500.0,45.913183520000004
2017-12-09 04:03:00,15500.0,15528.0,15489.0,15507.0,67.45074278999998
2017-12-09 04:04:00,15514.0,15564.0,15507.0,15564.0,46.18279077000001
2017-12-09 04:05:00,15563.0,15618.0,15548.0,15560.0,70.21610715000003
2017-12-09 04:06:00,15560.0,15560.0,15524.0,15547.0,11.551292639999996
2017-12-09 04:07:00,15547.0,15569.60654611,15543.0,15547.0,6.279995259999998
2017-12-09 04:08:00,15555.0,15583.0,15543.0,15554.0,11.208553919999996
2017-12-09 04:09:00,15551.0,15578.0,15543.0,15547.0,5.27426422
2017-12-09 04:10:00,15552.0,15552.0,15519.0,15535.0,19.36997943
2017-12-09 04:11:00,15534.0,15540.0,15520.0,15525.0,6.143531439999998
2017-12-09 04:12:00,15524.0,15524.0,15464.0,15476.0,17.85829413999999
2017-12-09 04:13:00,15465.0,15519.0,15465.0,15514.0,13.237589049999997
2017-12-09 04:14:00,15513.10963696,15524.0,15483.68416345,15523.0,5.811793770000001
2017-12-09 04:15:00,15523.0,15546.0,15523.0,15539.0,11.288875860000001
2017-12-09 04:16:00,15530.0,15543.0,15523.0,15528.0,7.518021219999998
2017-12-09 04:17:00,15536.0,15559.0,15528.0,15549.0,14.621245679999994
2017-12-09 04:18:00,15550.0,15579.0,15540.0,15545.0,23.796322349999993
2017-12-09 04:19:00,15552.0,15560.0,15542.0,15542.0,4.807711769999999
2017-12-09 04:20:00,15541.0,15550.0,15540.0,15550.0,5.90121255
2017-12-09 04:21:00,15550.0,15567.25250823,15540.0,15549.0,28.251910220000006
2017-12-09 04:22:00,15541.0,15567.25250823,15540.0,15540.0,13.58696209
2017-12-09 04:23:00,15545.0,15614.0,15544.0,15614.0,32.17684980000001
2017-12-09 04:24:00,15616.0,15645.0,15600.0,15645.0,46.84447618
2017-12-09 04:25:00,15645.0,15645.0,15617.0,15644.0,19.470116840000003
2017-12-09 04:26:00,15644.0,15645.0,15590.0,15593.0,24.18975686000001
2017-12-09 04:27:00,15590.0,15610.0,15590.0,15592.0,7.87545975
2017-12-09 04:28:00,15591.0,15603.0,15581.0,15582.0,8.92450517
2017-12-09 04:29:00,15581.0,15593.0,15560.0,15560.0,17.760655969999995
2017-12-09 04:30:00,15561.0,15579.0,15549.59722412,15554.0,20.732980890000004
2017-12-09 04:31:00,15554.0,15574.31462187,15531.0,15561.0,12.038334789999993
2017-12-09 04:32:00,15580.0,15587.0,15548.0,15585.0,5.347675529999999
2017-12-09 04:33:00,15580.0,15580.0,15530.76492107,15544.0,15.063879909999997
2017-12-09 04:34:00,15543.0,15544.0,15502.51646649,15542.0,34.69198246
2017-12-09 04:35:00,15544.0,15556.0,15492.0,15492.0,26.76641275
2017-12-09 04:36:00,15492.0,15492.0,15383.0,15401.0,164.53155959999998
2017-12-09 04:37:00,15401.0,15418.94812171,15352.0,15379.0,74.37567232000002
2017-12-09 04:38:00,15379.0,15381.0,15300.0,15305.0,108.54198934999985
2017-12-09 04:39:00,15300.0,15371.0,15300.0,15356.0,26.736479070000005
2017-12-09 04:40:00,15354.0,15385.99159138,15323.0,15324.0,29.41272331000001
2017-12-09 04:41:00,15332.0,15339.0,15250.0,15288.0,63.05016467000005
2017-12-09 04:42:00,15288.0,15289.0,15253.0,15264.0,12.753742609999994
2017-12-09 04:43:00,15257.0,15290.0,15253.0,15281.0,23.767663520000013
2017-12-09 04:44:00,15290.0,15290.0,15285.0,15290.0,13.64906007
2017-12-09 04:45:00,15290.0,15324.0,15287.0,15316.0,9.335990169999999
2017-12-09 04:46:00,15317.0,15336.0,15316.0,15328.0,9.279619870000001
2017-12-09 04:47:00,15327.0,15358.0,15310.0,15316.0,23.840340380000015
2017-12-09 04:48:00,15313.0,15343.0,15291.0,15292.0,32.71025916999999
2017-12-09 04:49:00,15292.0,15300.0,15257.0,15259.0,17.982781320000008
2017-12-09 04:50:00,15259.0,15284.0,15259.0,15265.0,17.14512770000001
2017-12-09 04:51:00,15265.0,15271.0,15257.0,15262.0,18.581007070000002
2017-12-09 04:52:00,15262.0,15262.0,15149.41078432,15150.0,168.40165192999999
2017-12-09 04:53:00,15150.0,15150.0,15100.0,15105.0,71.69729936000002
2017-12-09 04:54:00,15106.0,15158.0,15100.0,15126.0,79.84275892999995
2017-12-09 04:55:00,15125.0,15126.0,15050.0,15088.0,74.87766692999998
2017-12-09 04:56:00,15086.0,15099.0,15050.0,15096.0,100.92561193000002
2017-12-09 04:57:00,15096.0,15177.0,15096.0,15151.0,112.43356441999995
2017-12-09 04:58:00,15162.0,15174.0,15141.0,15147.0,36.04320941999999
2017-12-09 04:59:00,15146.0,15180.0,15143.0,15170.0,20.69485567
2017-12-09 05:00:00,15170.0,15191.0,15150.0,15150.0,45.892109549999994
2017-12-09 05:01:00,15151.0,15164.0,15095.26791305,15119.0,52.92446807000004
2017-12-09 05:02:00,15118.0,15147.0,15118.0,15134.0,22.901527129999995
2017-12-09 05:03:00,15134.0,15149.0,15106.0,15133.0,18.75259621
2017-12-09 05:04:00,15133.0,15141.0,15100.0,15110.0,31.661253230000014
2017-12-09 05:05:00,15113.0,15128.0,15100.0,15101.0,15.989820460000004
2017-12-09 05:06:00,15101.0,15101.0,15032.0,15036.0,51.77170696000003
2017-12-09 05:07:00,15036.0,15037.0,15021.0,15029.0,43.82659805000001
2017-12-09 05:08:00,15029.0,15043.0,15020.0,15043.0,93.64235082000002
2017-12-09 05:09:00,15043.0,15059.0,15024.0,15059.0,53.812387050000034
2017-12-09 05:10:00,15059.0,15093.0,15049.0,15080.0,55.233650820000044
2017-12-09 05:11:00,15077.0,15127.0,15070.0,15117.0,44.90333662000002
2017-12-09 05:12:00,15121.0,15188.0,15117.0,15186.0,56.927888909999965
2017-12-09 05:13:00,15187.0,15189.0,15153.0,15153.0,64.05321237
2017-12-09 05:14:00,15153.0,15161.0,15099.0,15133.0,41.96498916
2017-12-09 05:15:00,15134.0,15189.0,15130.0,15158.0,53.53358810000002
2017-12-09 05:16:00,15161.0,15258.87354579,15160.0,15258.0,66.04107745000006
2017-12-09 05:17:00,15257.0,15294.0,15251.0,15262.0,68.62753170000002
2017-12-09 05:18:00,15260.0,15260.0,15222.0,15239.0,17.251685360000003
2017-12-09 05:19:00,15241.0,15258.0,15163.0,15172.0,33.551729919999985
2017-12-09 05:20:00,15172.0,15226.0,15147.0,15217.0,32.78296308
2017-12-09 05:21:00,15216.0,15224.73999652,15162.0,15163.0,21.37681428
2017-12-09 05:22:00,15163.0,15167.0,15121.0,15153.0,45.730637120000026
2017-12-09 05:23:00,15155.0,15223.0,15136.0,15204.0,29.276998680000002
2017-12-09 05:24:00,15207.0,15212.0,15188.0,15203.0,13.172426239999998
2017-12-09 05:25:00,15202.0,15227.0,15202.0,15220.0,8.999362009999999
2017-12-09 05:26:00,15220.0,15220.0,15188.0,15188.0,16.841764940000004
2017-12-09 05:27:00,15183.0,15187.0,15139.0,15142.0,20.363053999999995
2017-12-09 05:28:00,15139.0,15160.0,15120.0,15153.0,13.279086399999995
2017-12-09 05:29:00,15153.0,15161.0,15120.0,15123.0,19.21344435
2017-12-09 05:30:00,15120.0,15137.0,15079.96666682,15114.0,59.62142132
2017-12-09 05:31:00,15123.0,15124.0,15079.0,15100.0,11.986556409999997
2017-12-09 05:32:00,15089.0,15089.0,15049.0,15053.0,25.169278320000007
2017-12-09 05:33:00,15053.0,15100.0,15053.0,15073.0,25.94699508
2017-12-09 05:34:00,15067.0,15073.0,15050.0,15065.0,21.46559026000001
2017-12-09 05:35:00,15064.0,15064.0,15013.0,15030.0,36.37761964
2017-12-09 05:36:00,15030.0,15030.0,14959.0,14961.0,263.2391739100001
2017-12-09 05:37:00,14961.0,14995.0,14846.0,14870.0,205.6797243099998
2017-12-09 05:38:00,14857.0,14901.0,14815.0,14835.0,119.51012091
2017-12-09 05:39:00,14831.0,14919.0,14831.0,14917.0,110.06242542000003
2017-12-09 05:40:00,14917.0,14992.0,14916.0,14966.0,108.81914058000007
2017-12-09 05:41:00,14969.0,14973.0,14931.0,14957.0,67.16781382999997
2017-12-09 05:42:00,14955.0,14955.0,14830.0,14846.0,57.470927450000055
2017-12-09 05:43:00,14846.0,14883.0,14837.50076506,14851.0,46.520675229999995
2017-12-09 05:44:00,14858.0,14925.0,14851.0,14915.0,27.930112639999994
2017-12-09 05:45:00,14916.0,14930.0,14913.0,14928.0,30.404768800000003
2017-12-09 05:46:00,14928.0,14930.0,14868.0,14878.0,66.02864721000002
2017-12-09 05:47:00,14879.0,14879.0,14800.0,14803.0,66.38024274999997
2017-12-09 05:48:00,14801.0,14879.0,14801.0,14864.0,37.108652510000034
2017-12-09 05:49:00,14864.0,14883.0,14818.0,14865.0,38.48619225000002
2017-12-09 05:50:00,14861.0,14943.0,14848.0,14889.0,43.07977369000004
2017-12-09 05:51:00,14889.0,15112.0,14887.0,15110.0,81.68655784999996
2017-12-09 05:52:00,15112.0,15148.0,15073.0,15101.0,80.01885623000003
2017-12-09 05:53:00,15100.0,15121.16232974,15041.12504178,15070.0,48.23402519
2017-12-09 05:54:00,15070.0,15070.0,14938.0,14997.0,61.08249395
2017-12-09 05:55:00,14998.0,15017.58466297,14996.0,15016.0,32.47791050000001
2017-12-09 05:56:00,15016.40764403,15051.0,15015.0,15041.0,38.694486490000024
2017-12-09 05:57:00,15041.0,15058.0,15030.0,15030.0,36.95811710999999
2017-12-09 05:58:00,15030.0,15031.0,14957.0,14959.0,41.763933680000015
2017-12-09 05:59:00,14960.0,14994.0,14960.0,14969.0,24.03628316
2017-12-09 06:00:00,14961.0,14977.0,14907.0,14918.0,44.61953654999998
2017-12-09 06:01:00,14918.0,14982.0,14918.0,14936.0,28.307159699999993
2017-12-09 06:02:00,14933.0,15070.0,14932.0,15041.0,40.8332468
2017-12-09 06:03:00,15047.0,15100.0,15034.0,15100.0,24.583364510000013
2017-12-09 06:04:00,15091.0,15133.0,15091.0,15105.0,31.03835901000002
2017-12-09 06:05:00,15104.0,15227.0,15104.0,15187.0,63.23874756999998
2017-12-09 06:06:00,15174.0,15187.0,15120.0,15167.0,48.66104746999997
2017-12-09 06:07:00,15185.0,15260.0,15173.0,15254.0,46.03703989999999
2017-12-09 06:08:00,15253.0,15272.0,15205.0,15244.0,55.25794457000002
2017-12-09 06:09:00,15243.0,15245.0,15211.0,15237.0,31.03999299
2017-12-09 06:10:00,15237.0,15240.0,15205.0,15205.0,28.264283919999997
2017-12-09 06:11:00,15211.0,15213.0,15177.0,15195.0,25.21417216
2017-12-09 06:12:00,15195.0,15235.0,15195.0,15234.0,35.279372680000016
2017-12-09 06:13:00,15234.0,15260.0,15234.0,15239.0,22.496284899999992
2017-12-09 06:14:00,15255.0,15312.0,15253.0,15312.0,37.47652295000001
2017-12-09 06:15:00,15314.0,15345.0,15314.0,15345.0,132.46603126
2017-12-09 06:16:00,15345.0,15345.0,15284.0,15305.0,40.271833390000026
2017-12-09 06:17:00,15305.0,15335.0,15280.0,15281.0,44.43678953000001
2017-12-09 06:18:00,15281.0,15297.71517083,15243.57229957,15274.0,54.574813580000004
2017-12-09 06:19:00,15273.0,15300.0,15271.0,15299.0,14.623854160000004
2017-12-09 06:20:00,15299.0,15340.0,15292.0,15295.0,52.14453309999999
2017-12-09 06:21:00,15294.0,15300.0,15266.0,15297.0,19.521359449999995
2017-12-09 06:22:00,15300.0,15300.0,15264.0,15275.0,20.012874720000003
2017-12-09 06:23:00,15274.0,15299.0,15250.0,15284.0,17.93729061999999
2017-12-09 06:24:00,15284.0,15296.0,15241.0,15263.0,10.848337620000006
2017-12-09 06:25:00,15262.0,15263.0,15179.0,15195.0,52.925063769999994
2017-12-09 06:26:00,15195.0,15204.0,15179.0,15191.0,28.733359970000002
2017-12-09 06:27:00,15191.78346618,15191.78346618,15150.0,15180.0,18.77938408
2017-12-09 06:28:00,15184.0,15184.0,15146.0,15154.0,15.042848420000004
2017-12-09 06:29:00,15146.0,15146.0,15120.0,15121.0,11.643798700000003
2017-12-09 06:30:00,15120.0,15189.4294283,15100.0,15160.0,81.18270581999995
2017-12-09 06:31:00,15160.0,15172.0,15156.0,15158.0,13.499905059999998
2017-12-09 06:32:00,15159.0,15159.0,15131.0,15143.0,21.69858582000002
2017-12-09 06:33:00,15142.0,15146.0,15141.0,15142.0,7.58076331
2017-12-09 06:34:00,15141.0,15152.0,15138.81761385,15150.0,20.121805959999996
2017-12-09 06:35:00,15150.0,15242.0,15150.0,15218.0,36.25919378
2017-12-09 06:36:00,15220.0,15220.0,15180.0,15188.0,19.26808697
2017-12-09 06:37:00,15188.0,15189.0,15188.0,15188.0,4.507686799999999
2017-12-09 06:38:00,15189.0,15228.0,15188.0,15212.0,9.3288859
2017-12-09 06:39:00,15212.0,15292.0,15212.0,15273.0,40.445260630000014
2017-12-09 06:40:00,15273.0,15345.0,15273.0,15302.0,86.58473868999998
2017-12-09 06:41:00,15302.0,15304.0,15224.0,15244.0,31.090112119999976
2017-12-09 06:42:00,15232.0,15244.0,15226.0,15243.0,12.37431679
2017-12-09 06:43:00,15240.0,15244.0,15209.0,15227.0,11.954997049999996
2017-12-09 06:44:00,15221.0,15221.0,15187.0,15187.0,10.72417561
2017-12-09 06:45:00,15188.0,15225.0,15180.0,15225.0,10.92997932
2017-12-09 06:46:00,15224.0,15228.0,15206.0,15219.0,8.032265399999998
2017-12-09 06:47:00,15208.0,15228.0,15208.0,15213.0,9.963889359999998
2017-12-09 06:48:00,15212.0,15227.0,15208.0,15212.0,13.562794930000003
2017-12-09 06:49:00,15213.0,15250.0,15208.0,15223.0,17.616941050000005
2017-12-09 06:50:00,15227.0,15227.0,15185.0,15216.0,8.061592459999998
2017-12-09 06:51:00,15216.0,15221.0,15171.0,15171.0,7.839516839999999
2017-12-09 06:52:00,15179.0,15204.0,15175.0,15197.66856088,4.27242186
2017-12-09 06:53:00,15197.66856088,15197.66856088,15174.0,15196.49154194,6.052434969999998
2017-12-09 06:54:00,15196.0,15211.0,15183.0,15207.0,3.398489140000001
2017-12-09 06:55:00,15186.0,15201.0,15182.0,15183.0,7.587284709999999
2017-12-09 06:56:00,15184.0,15208.0,15183.0,15206.0,2.0471370799999997
2017-12-09 06:57:00,15207.0,15210.0,15200.0,15200.0,4.43665855
2017-12-09 06:58:00,15201.0,15213.0,15200.0,15202.0,5.10798437
2017-12-09 06:59:00,15202.0,15210.0,15192.0,15197.0,2.42457745
2017-12-09 07:00:00,15199.0,15250.0,15199.0,15221.0,10.611450569999999
2017-12-09 07:01:00,15236.51018592,15277.0,15220.0,15271.0,39.88925512999999
2017-12-09 07:02:00,15259.0,15300.0,15250.0,15280.0,20.770758580000003
2017-12-09 07:03:00,15281.0,15345.0,15281.0,15336.0,34.58221678
2017-12-09 07:04:00,15345.0,15345.0,15344.0,15345.0,52.65035189000001
2017-12-09 07:05:00,15345.0,15345.0,15329.0,15330.0,28.87219278999999
2017-12-09 07:06:00,15329.0,15338.0,15308.0,15325.0,20.868200329999993
2017-12-09 07:07:00,15325.0,15340.0,15308.0,15329.0,12.99020956
2017-12-09 07:08:00,15329.0,15345.0,15329.0,15330.0,19.10778893
2017-12-09 07:09:00,15329.0,15334.0,15325.0,15329.0,9.136912059999998
2017-12-09 07:10:00,15328.0,15328.0,15316.0,15316.0,2.99557139
2017-12-09 07:11:00,15321.0,15322.0,15310.0,15319.0,22.57708945
2017-12-09 07:12:00,15319.0,15345.0,15313.0,15327.0,12.926838890000006
2017-12-09 07:13:00,15327.0,15345.0,15326.0,15345.0,28.811655099999996
2017-12-09 07:14:00,15345.0,15345.0,15344.0,15345.0,46.57267268
2017-12-09 07:15:00,15345.0,15345.0,15344.0,15345.0,30.144698630000008
2017-12-09 07:16:00,15345.0,15345.0,15344.0,15344.0,22.958553539999993
2017-12-09 07:17:00,15345.0,15345.0,15344.0,15344.0,19.196998329999996
2017-12-09 07:18:00,15345.0,15345.0,15344.0,15345.0,13.806154759999993
2017-12-09 07:19:00,15345.0,15345.0,15344.0,15345.0,40.92584733000002
2017-12-09 07:20:00,15344.0,15345.0,15344.0,15345.0,14.545781869999999
2017-12-09 07:21:00,15344.0,15345.0,15342.44189057,15345.0,15.8562123
2017-12-09 07:22:00,15345.0,15345.0,15342.44189057,15344.0,14.549217270000002
2017-12-09 07:23:00,15344.0,15345.0,15334.0,15338.0,21.32554103
2017-12-09 07:24:00,15330.0,15345.0,15330.0,15345.0,8.33080985
2017-12-09 07:25:00,15345.0,15345.0,15343.0,15345.0,213.86209430999997
2017-12-09 07:26:00,15345.0,15345.0,15344.0,15345.0,14.437929620000004
2017-12-09 07:27:00,15345.0,15345.0,15344.0,15345.0,22.95131034
2017-12-09 07:28:00,15344.0,15345.0,15331.0,15331.0,13.477861320000004
2017-12-09 07:29:00,15331.0,15332.0,15328.0,15329.0,3.9202108399999998
2017-12-09 07:30:00,15329.0,15345.0,15325.96362541,15341.0,46.27766709999998
2017-12-09 07:31:00,15341.0,15345.0,15335.0,15338.0,33.68721405000001
2017-12-09 07:32:00,15337.0,15340.0,15325.96362541,15332.0,16.754117369999992
2017-12-09 07:33:00,15335.0,15335.0,15275.0,15281.0,28.658598930000018
2017-12-09 07:34:00,15280.0,15301.0,15213.0,15238.0,61.65844881000001
2017-12-09 07:35:00,15238.0,15261.0,15204.0,15240.0,29.476214959999993
2017-12-09 07:36:00,15241.0,15256.0,15238.0,15246.0,15.81037669
2017-12-09 07:37:00,15246.0,15251.0,15204.0,15209.0,7.98010059
2017-12-09 07:38:00,15219.0,15225.0,15192.0,15224.0,25.203263880000016
2017-12-09 07:39:00,15225.0,15239.0,15224.0,15239.0,8.57046978
2017-12-09 07:40:00,15236.0,15282.0,15230.0,15262.0,36.84361249
2017-12-09 07:41:00,15262.0,15276.0,15230.0,15264.0,17.320529849999996
2017-12-09 07:42:00,15263.0,15266.0,15235.0,15249.0,8.879947619999998
2017-12-09 07:43:00,15247.0,15264.0,15247.0,15263.0,4.892876809999999
2017-12-09 07:44:00,15250.0,15261.0,15227.0,15229.0,6.39125022
2017-12-09 07:45:00,15229.0,15247.0,15202.0,15241.0,14.16555105
2017-12-09 07:46:00,15240.0,15240.0,15214.0,15233.0,6.197071079999998
2017-12-09 07:47:00,15233.0,15235.0,15204.0,15224.0,13.342022809999998
2017-12-09 07:48:00,15223.0,15224.0,15200.0,15213.0,5.73481381
2017-12-09 07:49:00,15216.0,15250.0,15214.0,15249.0,12.002601389999997
2017-12-09 07:50:00,15250.0,15280.0,15248.0,15280.0,19.69980861
2017-12-09 07:51:00,15280.0,15299.0,15270.0,15290.0,8.523295709999998
2017-12-09 07:52:00,15292.0,15293.0,15269.0,15270.0,8.935836719999998
2017-12-09 07:53:00,15277.0,15294.0,15264.0,15284.0,6.508675810000001
2017-12-09 07:54:00,15282.0,15307.0,15282.0,15304.0,4.222344649999999
2017-12-09 07:55:00,15297.0,15309.0,15277.0,15278.0,11.72191202
2017-12-09 07:56:00,15282.0,15296.0,15262.0,15262.0,9.630929339999996
2017-12-09 07:57:00,15263.0,15269.0,15237.68720486,15265.0,16.06767236
2017-12-09 07:58:00,15257.0,15271.0,15250.63441321,15255.0,5.275841429999997
2017-12-09 07:59:00,15255.0,15283.0,15250.0,15267.0,10.732163680000003
2017-12-09 08:00:00,15269.0,15285.0,15265.0,15282.0,7.722093930000002
2017-12-09 08:01:00,15283.0,15291.0,15258.0,15284.0,67.84662673000001
2017-12-09 08:02:00,15287.0,15291.0,15230.62509122,15246.0,8.06274169
2017-12-09 08:03:00,15248.0,15264.0,15248.0,15264.0,5.57396634
2017-12-09 08:04:00,15264.0,15279.0,15258.0,15265.0,2.1754563499999997
2017-12-09 08:05:00,15265.0,15276.0,15264.0,15269.0,3.146351839999998
2017-12-09 08:06:00,15269.0,15280.0,15246.0,15246.0,12.209853850000002
2017-12-09 08:07:00,15266.0,15279.0,15252.0,15274.0,3.96240889
2017-12-09 08:08:00,15276.0,15276.0,15272.0,15272.0,4.718573170000001
2017-12-09 08:09:00,15275.0,15275.0,15228.27105334,15267.0,18.002804959999995
2017-12-09 08:10:00,15266.0,15268.0,15249.0,15268.0,9.24334728
2017-12-09 08:11:00,15267.0,15299.0,15267.0,15281.0,9.995258190000003
2017-12-09 08:12:00,15272.0,15294.0,15270.0,15294.0,6.62120682
2017-12-09 08:13:00,15273.0,15294.0,15262.0,15282.0,14.1437134
2017-12-09 08:14:00,15284.0,15284.0,15250.0,15277.0,12.686751019999999
2017-12-09 08:15:00,15278.0,15282.0,15250.0,15253.0,6.19974082
2017-12-09 08:16:00,15251.0,15264.0,15250.0,15253.0,5.072844819999999
2017-12-09 08:17:00,15259.0,15259.0,15228.0,15230.0,10.81481605
2017-12-09 08:18:00,15229.0,15246.0,15202.0,15202.0,11.752057099999991
2017-12-09 08:19:00,15215.0,15225.0,15198.0,15203.0,15.967871309999996
2017-12-09 08:20:00,15203.0,15218.0,15172.0,15185.0,18.824409500000016
2017-12-09 08:21:00,15174.0,15187.0,15170.0,15175.0,12.072568749999999
2017-12-09 08:22:00,15175.0,15175.0,15133.0,15134.0,54.27434098000004
2017-12-09 08:23:00,15148.0,15159.0,15087.0,15093.0,45.81037606000003
2017-12-09 08:24:00,15095.0,15162.0,15095.0,15099.0,34.803968999999995
2017-12-09 08:25:00,15100.0,15100.0,15081.0,15091.0,28.910415449999995
2017-12-09 08:26:00,15094.0,15094.0,15070.0,15079.0,27.133833700000004
2017-12-09 08:27:00,15080.0,15090.0,15060.0,15060.0,29.918993030000006
2017-12-09 08:28:00,15060.0,15061.0,15024.0,15033.0,38.26815164
2017-12-09 08:29:00,15023.0,15073.0,15020.0,15070.0,25.15746019999998
2017-12-09 08:30:00,15069.0,15078.0,15025.0,15042.0,34.20434385
2017-12-09 08:31:00,15036.0,15045.0,15020.0,15028.0,26.57993439000001
2017-12-09 08:32:00,15028.0,15035.0,15010.0,15010.0,20.584451939999997
2017-12-09 08:33:00,15018.0,15018.0,14977.0,14979.0,94.46789732999999
2017-12-09 08:34:00,14979.0,15021.0,14950.49458336,15007.0,50.84494448000006
2017-12-09 08:35:00,15007.0,15062.0,15007.0,15062.0,34.72683406
2017-12-09 08:36:00,15067.0,15099.0,15060.0,15092.0,14.550729409999995
2017-12-09 08:37:00,15102.0,15113.0,15085.0,15085.0,22.973720100000005
2017-12-09 08:38:00,15099.0,15137.0,15076.0,15092.0,16.539197009999995
2017-12-09 08:39:00,15094.0,15094.0,15020.0,15021.0,31.505470150000008
2017-12-09 08:40:00,15022.0,15068.0,15021.0,15061.0,12.059974169999995
2017-12-09 08:41:00,15061.0,15082.0,15059.0,15059.0,10.44455346
2017-12-09 08:42:00,15060.0,15078.78964788,15059.0,15074.0,10.27132641
2017-12-09 08:43:00,15075.0,15089.0,15074.0,15080.0,10.846509629999996
2017-12-09 08:44:00,15080.0,15083.0,15021.0,15023.0,17.515865340000015
2017-12-09 08:45:00,15023.0,15058.0,15000.0,15003.0,18.278678200000012
2017-12-09 08:46:00,15017.58466297,15019.0,14966.97284853,14972.85794323,43.407612140000055
2017-12-09 08:47:00,14996.0,14996.0,14946.0,14963.0,37.57336759
2017-12-09 08:48:00,14962.0,15008.0,14960.0,14987.0,22.16356763
2017-12-09 08:49:00,14981.0,15009.0,14975.0,14994.0,17.29039924999999
2017-12-09 08:50:00,14994.0,15005.0,14950.0,14969.0,12.472153129999995
2017-12-09 08:51:00,14968.0,14968.0,14876.0,14921.0,56.10763772000004
2017-12-09 08:52:00,14917.0,14924.0,14872.0,14904.0,31.34097355000001
2017-12-09 08:53:00,14904.0,14923.0,14876.342390099999,14899.0,34.765672159999994
2017-12-09 08:54:00,14899.0,14952.0,14899.0,14934.0,66.84878179000002
2017-12-09 08:55:00,14944.0,15001.0,14934.0,15001.0,29.62082637000001
2017-12-09 08:56:00,14988.0,15016.0,14974.0,14984.0,38.460241489999994
2017-12-09 08:57:00,14985.0,15083.0,14985.0,15031.0,43.03591600000003
2017-12-09 08:58:00,15030.0,15050.0,14987.0,15015.0,15.246559320000001
2017-12-09 08:59:00,14999.0,15060.0,14999.0,15000.0,19.94236144
2017-12-09 09:00:00,15011.0,15045.83311755,15000.0,15032.0,12.187010159999994
2017-12-09 09:01:00,15045.0,15076.435609999999,15034.0,15063.0,19.73805089999999
2017-12-09 09:02:00,15063.0,15090.0,15060.0,15081.0,20.12764691
2017-12-09 09:03:00,15080.0,15108.0,15072.0,15104.0,35.65250087
2017-12-09 09:04:00,15104.0,15136.0,15103.0,15117.0,30.683818319999993
2017-12-09 09:05:00,15112.0,15133.0,15070.0,15070.0,61.816922520000006
2017-12-09 09:06:00,15090.0,15094.0,15073.0,15080.0,21.216487710000003
2017-12-09 09:07:00,15081.0,15081.0,15015.0,15033.0,57.696217810000014
2017-12-09 09:08:00,15021.0,15032.0,14990.0,15004.0,41.20464403999999
2017-12-09 09:09:00,15007.0,15064.0,14976.0,15058.0,27.339761860000003
2017-12-09 09:10:00,15058.0,15059.0,15011.0,15015.0,17.520223309999995
2017-12-09 09:11:00,15015.0,15045.0,15004.0,15009.0,17.151406319999985
2017-12-09 09:12:00,15010.0,15016.0,14959.91073488,14965.79582959,33.34819568999999
2017-12-09 09:13:00,14965.0,14981.0,14950.0,14972.0,47.441270919999994
2017-12-09 09:14:00,14971.68092429,14982.27409475,14919.0,14920.0,23.198865570000013
2017-12-09 09:15:00,14920.0,14920.0,14860.0,14871.0,58.50411573000003
2017-12-09 09:16:00,14875.0,14926.0,14872.0,14914.0,50.84714482000002
2017-12-09 09:17:00,14914.0,14915.0,14850.0,14868.0,39.67507942000001
2017-12-09 09:18:00,14866.0,14886.0,14850.0,14866.0,32.04927034999999
2017-12-09 09:19:00,14866.0,14906.94488256,14861.0,14903.0,29.99248301999997
2017-12-09 09:20:00,14896.0,14925.0,14896.0,14906.0,60.11387122000001
2017-12-09 09:21:00,14915.0,14967.0,14903.0,14963.0,40.27838454
2017-12-09 09:22:00,14961.0,14972.0,14951.0,14972.0,24.30117739
2017-12-09 09:23:00,14971.0,14981.0,14953.0,14953.0,16.945634960000003
2017-12-09 09:24:00,14954.0,14954.0,14905.0,14911.0,35.691310740000006
2017-12-09 09:25:00,14908.0,14933.0,14900.0,14918.0,16.955987079999996
2017-12-09 09:26:00,14918.0,14974.0,14916.0,14939.0,25.777614609999993
2017-12-09 09:27:00,14940.0,14948.0,14928.0,14932.0,28.43429853999999
2017-12-09 09:28:00,14939.0,14962.0,14938.0,14949.0,22.87065251
2017-12-09 09:29:00,14950.0,14992.0,14949.0,14961.0,18.9420747
2017-12-09 09:30:00,14976.0,14976.0,14940.0,14942.0,14.812242289999995
2017-12-09 09:31:00,14942.0,14950.0,14928.0,14929.0,16.908002340000007
2017-12-09 09:32:00,14929.0,14950.0,14928.0,14938.0,18.568321200000003
2017-12-09 09:33:00,14938.0,14956.0,14900.0,14915.0,17.547606990000002
2017-12-09 09:34:00,14915.0,14915.0,14850.0,14874.0,31.81014367
2017-12-09 09:35:00,14867.0,14904.0,14866.0,14874.0,15.601264559999997
2017-12-09 09:36:00,14879.0,14882.0,14820.0,14824.0,62.63810301000006
2017-12-09 09:37:00,14832.0,14878.0,14820.0,14845.0,80.34883384000004
2017-12-09 09:38:00,14845.0,14884.0,14830.0,14866.0,45.21007603
2017-12-09 09:39:00,14866.0,14880.0,14850.0,14869.0,18.59894577
2017-12-09 09:40:00,14870.0,14920.0,14851.0,14851.0,25.33277211999999
2017-12-09 09:41:00,14856.0,14856.0,14813.0,14815.0,68.87213723999996
2017-12-09 09:42:00,14814.0,14815.0,14719.0,14720.0,169.35998331999994
2017-12-09 09:43:00,14720.0,14720.0,14677.0,14680.0,150.97567980999997
2017-12-09 09:44:00,14684.0,14846.0,14659.0,14789.0,134.67166743999994
2017-12-09 09:45:00,14789.0,14850.0,14701.0,14781.0,115.26013721999996
2017-12-09 09:46:00,14781.0,14781.0,14740.0,14740.0,28.035324560000003
2017-12-09 09:47:00,14740.0,14760.0,14730.0,14740.0,10.530593099999995
2017-12-09 09:48:00,14739.80819299,14799.0,14739.80819299,14782.0,40.92575088
2017-12-09 09:49:00,14776.0,14800.0,14743.0,14800.0,15.115126440000004
2017-12-09 09:50:00,14800.0,14967.0,14799.0,14886.0,108.90630788000001
2017-12-09 09:51:00,14886.0,14916.0,14874.0,14877.0,13.559516010000001
2017-12-09 09:52:00,14878.0,14943.0,14867.0,14917.0,33.84663401000001
2017-12-09 09:53:00,14920.0,14926.95420455,14897.0,14905.0,20.272160960000008
2017-12-09 09:54:00,14903.0,15008.0,14903.0,14962.0,57.58496279000007
2017-12-09 09:55:00,14969.0,14995.0,14950.0,14957.0,19.594342949999994
2017-12-09 09:56:00,14952.0,14991.0,14951.0,14952.0,37.27007914
2017-12-09 09:57:00,14953.0,14953.0,14902.0,14903.0,19.962709570000005
2017-12-09 09:58:00,14903.0,14903.0,14869.0,14872.0,14.899421439999998
2017-12-09 09:59:00,14872.0,14897.0,14851.62499235,14856.0,13.495352140000001
2017-12-09 10:00:00,14855.0,14861.0,14815.0,14847.0,23.937081409999998
2017-12-09 10:01:00,14849.0,14955.0,14846.0,14884.0,56.89242585999999
2017-12-09 10:02:00,14889.0,14911.0,14862.0,14876.0,16.051568419999988
2017-12-09 10:03:00,14875.0,14890.0,14868.0,14887.0,7.039417580000002
2017-12-09 10:04:00,14887.0,14945.0,14883.0,14939.0,13.38041556
2017-12-09 10:05:00,14940.0,14950.0,14916.0,14929.0,12.410565879999996
2017-12-09 10:06:00,14924.0,14946.0,14924.0,14932.0,6.584338579999999
2017-12-09 10:07:00,14932.0,14933.0,14900.0,14916.0,20.133105330000003
2017-12-09 10:08:00,14920.0,14932.0,14878.0,14878.0,27.940152060000017
2017-12-09 10:09:00,14875.0,14876.0,14850.0,14861.0,14.299655470000005
2017-12-09 10:10:00,14861.0,14861.0,14801.0,14813.0,40.23171613999999
2017-12-09 10:11:00,14812.0,14861.0,14809.0,14820.0,18.83286717999999
2017-12-09 10:12:00,14819.0,14828.0,14800.0,14800.0,6.632957610000001
2017-12-09 10:13:00,14800.0,14801.0,14756.0,14761.0,35.6088825
2017-12-09 10:14:00,14761.0,14778.0,14734.0,14757.0,20.810937359999993
2017-12-09 10:15:00,14770.0,14831.61567036,14760.0,14821.0,35.46097235999999
2017-12-09 10:16:00,14827.0,14880.0,14820.0,14860.0,24.383654420000003
2017-12-09 10:17:00,14861.0,14865.0,14830.0,14846.0,9.390193179999992
2017-12-09 10:18:00,14846.0,14877.0,14837.0,14858.68710599,19.265814489999997
2017-12-09 10:19:00,14859.0,14863.0,14839.0,14860.0,14.30928379
2017-12-09 10:20:00,14863.0,14901.0,14860.0,14896.0,15.848224180000003
2017-12-09 10:21:00,14895.0,14926.95420455,14884.0,14909.0,26.37361677
2017-12-09 10:22:00,14910.0,14924.0,14883.0,14903.0,25.676189739999998
2017-12-09 10:23:00,14896.0,14920.0,14894.0,14900.0,7.53349358
2017-12-09 10:24:00,14901.0,14907.0,14900.0,14900.0,11.945564979999999
2017-12-09 10:25:00,14897.0,14941.0,14873.98835222,14894.0,13.00979426
2017-12-09 10:26:00,14893.0,14893.0,14829.0,14869.0,39.717858219999975
2017-12-09 10:27:00,14854.0,14866.92623858,14800.0,14810.0,38.272141890000015
2017-12-09 10:28:00,14811.0,14853.97903023,14776.29578015,14847.0,37.21467903
2017-12-09 10:29:00,14852.0,14892.0,14823.0,14889.0,33.529354379999994
2017-12-09 10:30:00,14879.0,14889.0,14796.0,14828.0,83.50439400000002
2017-12-09 10:31:00,14827.0,14838.0,14766.87962863,14805.0,45.22266849999999
2017-12-09 10:32:00,14779.0,14790.0,14723.0,14738.0,64.554684
2017-12-09 10:33:00,14735.0,14737.0,14694.0,14702.0,47.75964143999999
2017-12-09 10:34:00,14701.0,14701.0,14682.0,14682.0,22.127059309999996
2017-12-09 10:35:00,14684.0,14691.0,14673.0,14680.0,40.866519260000025
2017-12-09 10:36:00,14680.0,14737.0,14672.0,14731.0,65.40687297000002
2017-12-09 10:37:00,14730.0,14735.0,14650.0,14660.0,80.76913703
2017-12-09 10:38:00,14660.0,14660.0,14578.0,14590.0,142.4145071399998
2017-12-09 10:39:00,14578.0,14589.0,14550.0,14584.0,122.57458335999996
2017-12-09 10:40:00,14584.0,14590.0,14550.0,14552.0,75.17827820000004
2017-12-09 10:41:00,14550.0,14560.0,14502.0,14502.0,117.71718290999986
2017-12-09 10:42:00,14502.0,14510.0,14500.0,14503.0,147.01467863999994
2017-12-09 10:43:00,14503.0,14510.0,14457.0,14463.0,222.34350597999992
2017-12-09 10:44:00,14476.0,14496.16527229,14455.0,14476.0,40.52500660000004
2017-12-09 10:45:00,14476.0,14587.0,14473.0,14583.0,111.40247061999997
2017-12-09 10:46:00,14582.0,14648.0,14562.0,14623.0,104.62421325999992
2017-12-09 10:47:00,14635.0,14649.0,14571.0,14587.0,54.77270910000003
2017-12-09 10:48:00,14587.0,14587.0,14510.0,14542.0,69.27785834000001
2017-12-09 10:49:00,14545.0,14549.0,14509.11248064,14514.0,20.076630780000002
2017-12-09 10:50:00,14516.0,14586.79573072,14514.0,14584.0,58.141280569999964
2017-12-09 10:51:00,14570.0,14584.0,14531.0,14553.0,27.529869019999992
2017-12-09 10:52:00,14550.0,14557.0,14536.0,14541.0,10.683638919999995
2017-12-09 10:53:00,14541.0,14541.0,14460.0,14460.0,127.19648291999994
2017-12-09 10:54:00,14464.0,14533.82987839,14460.0,14529.0,73.28794641000003
2017-12-09 10:55:00,14529.0,14533.0,14444.0,14467.0,93.8998707299998
2017-12-09 10:56:00,14468.0,14500.0,14466.0,14500.0,50.71107037
2017-12-09 10:57:00,14499.0,14500.0,14464.0,14464.3857609,39.32538287999999
2017-12-09 10:58:00,14462.0,14463.0,14391.0,14393.0,161.83468813000005
2017-12-09 10:59:00,14398.0,14400.0,14305.0,14380.0,316.36550267
2017-12-09 11:00:00,14380.0,14429.0,14343.0,14428.0,85.92845565000003
2017-12-09 11:01:00,14428.0,14429.0,14400.0,14407.0,50.96201341000001
2017-12-09 11:02:00,14405.0,14443.0,14380.0,14418.0,104.34794602000002
2017-12-09 11:03:00,14414.0,14418.0,14370.0,14370.0,68.78721576999996
2017-12-09 11:04:00,14377.0,14386.0,14300.0,14331.0,82.87774756
2017-12-09 11:05:00,14348.0,14348.0,14300.0,14300.0,68.00825631
2017-12-09 11:06:00,14300.0,14300.0,14280.0,14280.0,82.05369174999997
2017-12-09 11:07:00,14281.0,14281.0,14255.0,14263.0,100.48370822999998
2017-12-09 11:08:00,14263.0,14263.0,14231.0,14235.0,56.61592814000003
2017-12-09 11:09:00,14234.0,14274.88571146,14230.0,14274.88571146,140.06080829000004
2017-12-09 11:10:00,14274.0,14440.0,14274.0,14421.0,226.51516338999988
2017-12-09 11:11:00,14410.0,14529.0,14410.0,14505.0,111.15740208000013
2017-12-09 11:12:00,14505.0,14554.0,14494.0,14525.0,82.71071543000002
2017-12-09 11:13:00,14520.0,14567.0,14509.0,14550.0,51.77115334
2017-12-09 11:14:00,14559.0,14623.0,14545.0,14598.0,42.366774190000044
2017-12-09 11:15:00,14596.0,14718.0,14575.0,14663.0,81.72505169
2017-12-09 11:16:00,14657.0,14665.0,14608.0,14635.0,77.76300892999998
2017-12-09 11:17:00,14648.0,14663.0,14568.0,14580.0,102.83413889999986
2017-12-09 11:18:00,14572.0,14639.0,14550.0,14589.0,86.70996365999994
2017-12-09 11:19:00,14589.0,14600.0,14531.0,14532.0,51.20913387000004
2017-12-09 11:20:00,14549.0,14552.0,14484.39508289,14484.39508289,106.39141297000003
2017-12-09 11:21:00,14489.0,14504.0,14451.0,14454.0,72.82952947000003
2017-12-09 11:22:00,14455.0,14455.0,14413.0,14451.0,41.45980729000002
2017-12-09 11:23:00,14452.0,14498.0,14451.0,14491.0,109.19592694
2017-12-09 11:24:00,14496.0,14579.0,14491.0,14572.0,78.74302618999998
2017-12-09 11:25:00,14572.0,14618.0,14572.0,14600.0,36.30996287
2017-12-09 11:26:00,14600.0,14605.0,14530.0,14545.0,67.30434731
2017-12-09 11:27:00,14535.0,14650.0,14535.0,14631.0,97.09485703999997
2017-12-09 11:28:00,14631.0,14650.0,14631.0,14650.0,31.169966700000003
2017-12-09 11:29:00,14650.0,14775.0,14642.0,14736.0,52.48924151000009
2017-12-09 11:30:00,14722.0,14857.0,14718.0,14820.0,82.10942114999999
2017-12-09 11:31:00,14820.0,14878.0,14774.0,14780.0,76.88975958
2017-12-09 11:32:00,14781.0,14790.0,14704.49762478,14709.0,105.38234570999995
2017-12-09 11:33:00,14709.0,14816.0,14707.0,14805.0,73.15317429999999
2017-12-09 11:34:00,14805.0,14818.66846201,14768.0,14790.0,31.39781177
2017-12-09 11:35:00,14791.0,14820.0,14722.0,14738.0,88.82544094999999
2017-12-09 11:36:00,14737.0,14740.0,14682.0,14682.0,31.272230769999997
2017-12-09 11:37:00,14705.0,14760.0,14690.0,14755.0,52.67658122000002
2017-12-09 11:38:00,14755.0,14820.0,14750.0,14817.0,59.27456774000003
2017-12-09 11:39:00,14819.0,14900.0,14817.0,14891.0,79.95200514999999
2017-12-09 11:40:00,14880.0,14905.0,14878.0,14886.0,23.594934620000004
2017-12-09 11:41:00,14887.0,14920.0,14881.0,14900.0,78.17259015999991
2017-12-09 11:42:00,14887.0,14910.0,14805.0,14842.0,79.66848266000001
2017-12-09 11:43:00,14849.0,14918.0,14841.0,14897.0,43.62201435
2017-12-09 11:44:00,14889.0,14897.0,14826.0,14832.0,51.345088919999995
2017-12-09 11:45:00,14840.0,14850.0,14822.0,14849.0,14.380420369999998
2017-12-09 11:46:00,14850.0,14866.0,14805.0,14808.0,11.627573420000003
2017-12-09 11:47:00,14818.0,14822.0,14745.0,14772.0,24.75392247
2017-12-09 11:48:00,14770.0,14770.0,14710.0,14715.0,41.74115622999999
2017-12-09 11:49:00,14711.0,14716.0,14674.0,14693.0,28.069548640000008
2017-12-09 11:50:00,14694.0,14763.34857181,14693.0,14749.0,81.48223045999994
2017-12-09 11:51:00,14748.0,14769.0,14713.0,14723.0,14.227846419999999
2017-12-09 11:52:00,14723.0,14769.0,14722.0,14768.0,16.698852409999994
2017-12-09 11:53:00,14757.0,14765.0,14676.0,14678.0,76.34483765999992
2017-12-09 11:54:00,14677.0,14711.0,14624.0,14710.0,53.88391731999998
2017-12-09 11:55:00,14713.0,14778.0,14710.0,14746.0,54.6812296
2017-12-09 11:56:00,14747.0,14748.0,14727.0,14739.0,4.603526839999999
2017-12-09 11:57:00,14739.0,14739.0,14650.0,14706.0,41.03150288999999
2017-12-09 11:58:00,14700.0,14722.0,14678.0,14714.0,7.67048386
2017-12-09 11:59:00,14715.0,14739.0,14715.0,14738.0,16.993784469999998
2017-12-09 12:00:00,14739.0,14857.0,14735.10011723,14802.0,99.61105937000002
2017-12-09 12:01:00,14802.0,14899.0,14802.0,14836.0,44.95757515
2017-12-09 12:02:00,14837.0,14870.0,14800.0,14851.0,28.305030780000003
2017-12-09 12:03:00,14851.0,14870.0,14801.0,14801.0,10.300784699999994
2017-12-09 12:04:00,14806.0,14834.0,14802.19019684,14832.0,13.243185769999995
2017-12-09 12:05:00,14825.0,14840.0,14817.0,14840.0,51.51599454000001
2017-12-09 12:06:00,14835.0,14873.0,14835.0,14863.0,17.801445440000002
2017-12-09 12:07:00,14863.0,14864.0,14799.83615896,14801.0,32.28210028
2017-12-09 12:08:00,14799.83615896,14876.0,14769.0,14842.0,53.476577369999994
2017-12-09 12:09:00,14837.0,14874.0,14837.0,14874.0,12.164693929999997
2017-12-09 12:10:00,14854.0,14889.0,14854.0,14881.0,30.614429570000013
2017-12-09 12:11:00,14880.0,14941.0,14880.0,14941.0,44.81936977999997
2017-12-09 12:12:00,14940.0,14999.0,14932.0,14979.0,57.23444619000005
2017-12-09 12:13:00,14977.0,14988.0,14916.0,14964.0,18.252458260000004
2017-12-09 12:14:00,14972.0,15021.0,14972.0,15014.0,62.98769329
2017-12-09 12:15:00,15015.0,15050.0,15014.0,15029.0,33.37163275
2017-12-09 12:16:00,15038.0,15038.0,14924.0,14947.0,45.12428547
2017-12-09 12:17:00,14946.0,14997.0,14923.0,14939.0,33.14592866000001
2017-12-09 12:18:00,14939.0,14988.0,14937.0,14957.0,11.830153199999993
2017-12-09 12:19:00,14956.0,14975.0,14956.0,14960.0,3.9336752499999994
2017-12-09 12:20:00,14960.0,14961.0,14950.0,14950.0,3.7303685899999994
2017-12-09 12:21:00,14949.0,14949.0,14933.0,14936.0,6.604361399999998
2017-12-09 12:22:00,14936.0,14939.0,14875.0,14889.0,109.99062272999996
2017-12-09 12:23:00,14889.0,14909.0,14823.0,14901.0,88.16872978000004
2017-12-09 12:24:00,14901.0,14970.0,14900.0,14909.0,122.53331757999992
2017-12-09 12:25:00,14908.0,14914.0,14900.0,14900.0,17.74935649
2017-12-09 12:26:00,14905.0,14959.0,14905.0,14926.0,115.32192716999998
2017-12-09 12:27:00,14927.0,14958.0,14910.0,14949.0,106.07054678999997
2017-12-09 12:28:00,14950.0,15090.0,14949.0,15026.0,115.86646548999998
2017-12-09 12:29:00,15019.0,15164.0,15003.0,15030.0,64.75487295000006
2017-12-09 12:30:00,15029.0,15057.0,15018.76168191,15035.0,15.13817194
2017-12-09 12:31:00,15035.0,15039.0,14981.09707581,15032.0,123.81361217000003
2017-12-09 12:32:00,15033.0,15146.0,15030.0,15040.0,26.123733240000014
2017-12-09 12:33:00,15050.0,15077.0,15040.0,15060.0,19.664087899999995
2017-12-09 12:34:00,15060.0,15077.0,15000.0,15000.0,30.69150822000002
2017-12-09 12:35:00,15003.46043569,15011.0,14950.0,14983.0,15.095732710000005
2017-12-09 12:36:00,14986.0,14987.0,14900.0,14900.0,49.18642962999997
2017-12-09 12:37:00,14900.0,14903.0,14856.0,14870.0,20.178193840000006
2017-12-09 12:38:00,14880.0,14919.0,14879.0,14917.0,22.772297090000002
2017-12-09 12:39:00,14918.0,14918.0,14789.0,14820.0,73.24520807
2017-12-09 12:40:00,14820.0,14834.0,14766.0,14801.0,59.55929629000004
2017-12-09 12:41:00,14819.0,14887.0,14803.0,14850.0,57.37726541000001
2017-12-09 12:42:00,14850.0,14859.0,14772.0,14791.0,108.52769921000002
2017-12-09 12:43:00,14791.0,14817.0,14790.0,14816.0,17.024701409999995
2017-12-09 12:44:00,14816.0,14817.0,14750.0,14750.0,14.234598270000001
2017-12-09 12:45:00,14751.0,14763.0,14662.0,14677.0,101.94426884999993
2017-12-09 12:46:00,14674.0,14689.0,14644.0,14648.0,51.440056330000004
2017-12-09 12:47:00,14648.0,14755.0,14647.0,14731.0,105.99951815000007
2017-12-09 12:48:00,14731.0,14770.0,14730.0,14761.0,38.843192900000005
2017-12-09 12:49:00,14760.0,14768.0,14758.0,14761.0,28.718610380000015
2017-12-09 12:50:00,14763.0,14766.0,14668.01003762,14725.0,112.20169999000005
2017-12-09 12:51:00,14724.0,14725.0,14675.07215126,14700.0,82.59987213
2017-12-09 12:52:00,14718.0,14734.0,14700.0,14709.0,20.617618800000006
2017-12-09 12:53:00,14717.0,14727.0,14579.0,14600.0,116.98799993000004
2017-12-09 12:54:00,14600.0,14631.0,14576.0,14630.0,59.71285881000003
2017-12-09 12:55:00,14625.63735576,14625.63735576,14598.0,14598.0,12.339566899999996
2017-12-09 12:56:00,14596.0,14596.0,14508.0,14508.0,68.10756830000001
2017-12-09 12:57:00,14508.0,14540.0,14468.0,14536.0,139.85034578
2017-12-09 12:58:00,14536.0,14622.0,14521.0,14618.0,78.56043460000005
2017-12-09 12:59:00,14617.0,14621.0,14600.0,14603.0,67.27585886000001
2017-12-09 13:00:00,14603.0,14665.0,14603.0,14648.00071563,28.92535977000001
2017-12-09 13:01:00,14648.00071563,14662.0,14614.0,14641.0,30.64446131000001
2017-12-09 13:02:00,14615.0,14636.0,14563.0,14599.0,52.21540482000003
2017-12-09 13:03:00,14598.0,14669.0,14590.0,14646.0,40.15561707999999
2017-12-09 13:04:00,14646.0,14666.0,14645.0,14652.0,26.910936720000006
2017-12-09 13:05:00,14651.0,14659.0,14650.0,14659.0,22.818504060000006
2017-12-09 13:06:00,14659.0,14703.0,14658.0,14690.0,21.467486310000012
2017-12-09 13:07:00,14690.0,14748.04732558,14689.0,14748.04732558,24.20944383000001
2017-12-09 13:08:00,14744.0,14746.0,14713.0,14717.0,14.74676358
2017-12-09 13:09:00,14717.0,14732.0,14678.0,14731.0,19.939781840000006
2017-12-09 13:10:00,14721.0,14765.70260969,14721.0,14764.0,24.490382229999994
2017-12-09 13:11:00,14763.0,14790.0,14763.0,14778.0,20.493749190000003
2017-12-09 13:12:00,14778.0,14790.0,14760.0,14760.0,8.982353509999998
2017-12-09 13:13:00,14759.0,14759.0,14726.0,14749.0,22.975232339999998
2017-12-09 13:14:00,14750.0,14779.0,14749.0,14779.0,6.76205617
2017-12-09 13:15:00,14772.0,14787.0,14750.0,14762.0,17.04842909
2017-12-09 13:16:00,14761.0,14761.0,14710.0,14724.0,30.56044219000001
2017-12-09 13:17:00,14728.0,14730.0,14670.0,14678.0,47.789079989999976
2017-12-09 13:18:00,14678.0,14720.0,14678.0,14719.0,12.012391239999996
2017-12-09 13:19:00,14720.0,14745.0,14720.0,14736.0,9.29911752
2017-12-09 13:20:00,14735.0,14738.0,14687.0,14699.0,14.923337029999997
2017-12-09 13:21:00,14700.0,14700.0,14678.0,14685.0,29.53282702000002
2017-12-09 13:22:00,14684.0,14685.0,14659.0,14665.0,29.33439431
2017-12-09 13:23:00,14672.0,14712.0,14672.0,14710.0,26.905120529999998
2017-12-09 13:24:00,14710.0,14738.0,14706.0,14721.0,15.46607082
2017-12-09 13:25:00,14720.0,14735.0,14720.0,14729.0,31.336949779999994
2017-12-09 13:26:00,14730.0,14789.0,14729.0,14773.0,31.404791240000005
2017-12-09 13:27:00,14773.0,14824.55355672,14772.0,14821.0,62.92113937000006
2017-12-09 13:28:00,14821.0,14875.0,14821.0,14873.0,51.54444501
2017-12-09 13:29:00,14874.0,14895.17469315,14873.0,14878.0,20.940464569999996
2017-12-09 13:30:00,14877.0,14898.70574997,14839.0,14888.0,48.86782134999997
2017-12-09 13:31:00,14889.0,14940.0,14889.0,14939.0,51.202455409999985
2017-12-09 13:32:00,14939.0,14939.0,14905.0,14911.0,11.609073310000001
2017-12-09 13:33:00,14911.0,14912.0,14871.0,14872.81133328,7.707002059999998
2017-12-09 13:34:00,14872.0,14882.0,14825.0,14848.0,29.607639660000004
2017-12-09 13:35:00,14849.0,14865.0,14831.0,14864.0,6.903130949999999
2017-12-09 13:36:00,14865.0,14900.0,14865.0,14883.0,13.907279719999993
2017-12-09 13:37:00,14883.0,14889.0,14850.0,14851.0,6.899128910000004
2017-12-09 13:38:00,14850.0,14867.0,14849.0,14850.0,15.533674360000001
2017-12-09 13:39:00,14849.0,14931.0,14849.0,14884.0,34.93220810000001
2017-12-09 13:40:00,14885.0,14911.0,14884.0,14890.0,5.74456798
2017-12-09 13:41:00,14886.0,14890.0,14870.0,14875.0,8.069498220000002
2017-12-09 13:42:00,14874.0,14911.0,14868.0,14875.0,16.24496212
2017-12-09 13:43:00,14877.0,14892.0,14872.0,14875.0,5.133974069999999
2017-12-09 13:44:00,14887.0,14888.0,14872.0,14881.0,13.119596920000001
2017-12-09 13:45:00,14881.0,14917.0,14872.0,14917.0,12.124590650000002
2017-12-09 13:46:00,14918.0,14949.0,14893.0,14927.0,26.37314799
2017-12-09 13:47:00,14927.0,15028.0,14927.0,15006.0,156.57644396000003
2017-12-09 13:48:00,15007.0,15023.0,15000.0,15001.0,42.93964125000002
2017-12-09 13:49:00,15001.0,15006.0,14974.0,14990.0,32.13344527000002
2017-12-09 13:50:00,14991.0,14999.0,14985.0,14990.0,10.50173109
2017-12-09 13:51:00,14988.0,15005.0,14972.0,14982.0,36.14772027
2017-12-09 13:52:00,14981.0,14987.0,14980.0,14980.0,15.788946549999991
2017-12-09 13:53:00,14982.0,14987.0,14970.0,14973.0,22.190105940000013
2017-12-09 13:54:00,14972.0,15000.0,14970.0,14998.0,25.884818529999997
2017-12-09 13:55:00,14998.0,15005.0,14998.0,15003.0,13.501767809999999
2017-12-09 13:56:00,15003.0,15005.0,14999.0,15000.0,16.142136970000003
2017-12-09 13:57:00,15000.0,15005.0,14990.0,15000.0,24.3310448
2017-12-09 13:58:00,14999.0,15000.0,14990.0,14991.0,15.131207800000002
2017-12-09 13:59:00,14991.0,14995.0,14990.0,14994.0,12.069937240000002
2017-12-09 14:00:00,14993.0,14995.0,14990.0,14991.0,16.49345867
2017-12-09 14:01:00,14990.0,14990.0,14950.0,14951.0,20.773000169999996
2017-12-09 14:02:00,14950.0,14968.0,14871.0,14880.0,145.93185616
2017-12-09 14:03:00,14875.0,14898.0,14820.0,14823.0,44.82851270000003
2017-12-09 14:04:00,14821.0,14830.0,14800.0,14802.0,29.858745369999976
2017-12-09 14:05:00,14803.0,14820.0,14775.0,14775.0,9.37501802
2017-12-09 14:06:00,14797.0,14797.0,14700.0,14758.0,37.391718980000014
2017-12-09 14:07:00,14758.0,14809.0,14750.0,14802.0,18.282726159999996
2017-12-09 14:08:00,14801.0,14823.0,14748.0,14769.0,30.15196379
2017-12-09 14:09:00,14769.0,14917.0,14769.0,14821.0,92.01520614
2017-12-09 14:10:00,14806.0,14892.0,14806.0,14869.0,22.363010020000004
2017-12-09 14:11:00,14870.0,14897.0,14869.0,14897.0,24.068645709999988
2017-12-09 14:12:00,14890.0,14902.0,14890.0,14891.0,15.046105820000005
2017-12-09 14:13:00,14891.0,14904.0,14868.0,14868.0,25.407036399999996
2017-12-09 14:14:00,14865.0,14866.0,14800.0,14821.0,10.91179845
2017-12-09 14:15:00,14806.0,14838.0,14796.0,14827.0,15.926237269999993
2017-12-09 14:16:00,14826.0,14836.0,14751.0,14752.0,10.908819139999997
2017-12-09 14:17:00,14757.0,14757.0,14680.0,14700.0,50.366082649999996
2017-12-09 14:18:00,14701.0,14746.0,14700.0,14730.0,23.842344470000004
2017-12-09 14:19:00,14730.0,14736.0,14705.0,14720.0,20.53858045
2017-12-09 14:20:00,14719.0,14758.0,14719.0,14758.0,19.70704456
2017-12-09 14:21:00,14757.0,14771.0,14746.0,14770.0,14.396475750000004
2017-12-09 14:22:00,14764.0,14768.0,14752.0,14760.0,6.9936067699999995
2017-12-09 14:23:00,14753.0,14766.0,14750.0,14766.0,10.03773021
2017-12-09 14:24:00,14765.0,14783.0,14762.0,14769.0,8.50067101
2017-12-09 14:25:00,14765.0,14767.0,14755.0,14765.0,5.2834486599999995
2017-12-09 14:26:00,14766.0,14782.0,14753.0,14760.0,11.67029805
2017-12-09 14:27:00,14760.0,14769.0,14719.798871,14738.0,31.53792268000002
2017-12-09 14:28:00,14738.0,14748.0,14719.0,14725.0,26.746034539999986
2017-12-09 14:29:00,14725.0,14759.0,14725.0,14758.0,20.998233910000007
2017-12-09 14:30:00,14760.0,14786.88895062,14759.0,14782.0,24.94632284
2017-12-09 14:31:00,14782.0,14821.0,14780.0,14796.0,19.148199090000002
2017-12-09 14:32:00,14811.0,14828.0,14784.0,14804.0,19.525336470000006
2017-12-09 14:33:00,14804.0,14806.0,14765.0,14765.0,23.874953150000007
2017-12-09 14:34:00,14765.0,14800.0,14761.0,14800.0,24.243725259999998
2017-12-09 14:35:00,14801.0,14806.0,14800.0,14805.0,8.764404089999996
2017-12-09 14:36:00,14806.0,14895.0,14805.0,14872.0,54.49370584000001
2017-12-09 14:37:00,14872.0,14872.0,14838.0,14858.0,23.25177317
2017-12-09 14:38:00,14857.0,14877.0,14837.0,14838.0,12.737888069999997
2017-12-09 14:39:00,14837.0,14839.0,14812.0,14826.0,4.388788169999999
2017-12-09 14:40:00,14827.0,14850.0,14825.0,14849.0,7.2273832900000015
2017-12-09 14:41:00,14849.0,14867.0,14849.0,14867.0,10.868750299999999
2017-12-09 14:42:00,14866.0,14891.0,14866.0,14871.0,18.080508660000003
2017-12-09 14:43:00,14872.0,14898.0,14856.0,14857.0,17.69858444
2017-12-09 14:44:00,14860.0,14940.0,14859.0,14899.0,51.51001420000002
2017-12-09 14:45:00,14898.0,14900.0,14870.0,14870.0,6.54362906
2017-12-09 14:46:00,14870.0,14900.0,14870.0,14880.0,21.362401739999992
2017-12-09 14:47:00,14880.0,14881.0,14744.0,14787.0,114.09583329999998
2017-12-09 14:48:00,14786.0,14835.14672718,14752.0,14767.0,34.516800509999996
2017-12-09 14:49:00,14768.0,14808.0,14767.0,14800.0,15.590437339999998
2017-12-09 14:50:00,14801.0,14808.0,14793.0,14793.0,6.702432920000002
2017-12-09 14:51:00,14792.0,14796.0,14760.0,14781.0,5.62807525
2017-12-09 14:52:00,14783.0,14800.0,14776.0,14800.0,33.62562112
2017-12-09 14:53:00,14803.0,14848.0,14801.0,14812.0,31.214744430000007
2017-12-09 14:54:00,14807.0,14844.0,14807.0,14813.0,7.400373120000002
2017-12-09 14:55:00,14813.0,14823.0,14762.0,14765.0,16.132695439999992
2017-12-09 14:56:00,14765.0,14765.0,14677.0,14726.0,79.43437348000002
2017-12-09 14:57:00,14725.0,14730.0,14701.0,14719.0,8.497531809999995
2017-12-09 14:58:00,14720.0,14743.0,14714.0,14737.45415511,13.6518872
2017-12-09 14:59:00,14738.0,14738.0,14670.0,14681.0,16.15913136
2017-12-09 15:00:00,14679.0,14679.0,14603.0,14658.0,79.88087208999997
2017-12-09 15:01:00,14646.0,14662.0,14598.0,14644.0,135.57941647999996
2017-12-09 15:02:00,14645.0,14650.0,14581.0,14587.0,38.290204310000014
2017-12-09 15:03:00,14598.0,14599.0,14550.0,14595.0,34.742171719999995
2017-12-09 15:04:00,14595.0,14595.0,14550.0,14550.0,47.142447000000004
2017-12-09 15:05:00,14570.0,14597.38890118,14555.0,14591.50380648,29.876056939999998
2017-12-09 15:06:00,14590.0,14598.0,14579.0,14593.0,38.3157363
2017-12-09 15:07:00,14582.0,14588.0,14555.0,14571.0,19.613560839999987
2017-12-09 15:08:00,14574.0,14575.0,14544.0,14547.0,14.597547150000002
2017-12-09 15:09:00,14544.0,14560.0,14530.0,14558.0,25.107735249999998
2017-12-09 15:10:00,14557.0,14558.0,14500.0,14500.0,59.091800710000015
2017-12-09 15:11:00,14500.0,14500.0,14461.0,14474.0,61.04295453000002
2017-12-09 15:12:00,14470.0,14483.21806395,14411.0,14479.68700712,126.74470069999998
2017-12-09 15:13:00,14479.68700712,14484.39508289,14424.36711692,14458.0,49.44269848000004
2017-12-09 15:14:00,14456.0,14552.0,14420.0,14522.0,122.27055809999993
2017-12-09 15:15:00,14524.0,14542.0,14500.0,14500.0,43.44830566
2017-12-09 15:16:00,14501.0,14506.75844276,14476.0,14498.0,36.27999139000002
2017-12-09 15:17:00,14498.0,14583.0,14489.0,14556.0,32.68526814000001
2017-12-09 15:18:00,14559.0,14559.0,14479.0,14485.0,41.942590850000016
2017-12-09 15:19:00,14486.0,14498.0,14450.0,14478.0,22.952774429999995
2017-12-09 15:20:00,14478.0,14532.0,14477.0,14498.0,34.27789175999999
2017-12-09 15:21:00,14497.0,14497.0,14432.0,14435.0,53.5354914
2017-12-09 15:22:00,14435.0,14454.0,14400.0,14419.0,53.49441190000001
2017-12-09 15:23:00,14419.0,14450.26153361,14419.0,14441.0,19.699551019999994
2017-12-09 15:24:00,14441.0,14441.0,14400.0,14400.0,47.56962704000001
2017-12-09 15:25:00,14400.0,14403.0,14331.0,14359.0,128.9210530599999
2017-12-09 15:26:00,14366.0,14366.0,14331.0,14334.0,53.04060744000001
2017-12-09 15:27:00,14334.0,14377.28635929,14322.0,14371.0,41.23119056000001
2017-12-09 15:28:00,14364.0,14405.0,14340.79877213,14390.0,35.630957580000015
2017-12-09 15:29:00,14400.0,14439.0,14367.0,14389.0,63.83066788000003
2017-12-09 15:30:00,14390.0,14399.0,14362.0,14390.0,35.29449287
2017-12-09 15:31:00,14390.0,14394.0,14314.90435544,14337.0,79.11866713000005
2017-12-09 15:32:00,14336.0,14365.0,14315.0,14346.0,28.87416809000001
2017-12-09 15:33:00,14347.0,14377.0,14333.73665849,14374.0,24.161398110000004
2017-12-09 15:34:00,14373.0,14376.10934035,14330.0,14367.0,37.704939850000024
2017-12-09 15:35:00,14373.0,14483.21806395,14368.0,14483.21806395,58.05563918000008
2017-12-09 15:36:00,14465.0,14565.0,14434.0,14481.0,97.40302217000003
2017-12-09 15:37:00,14484.0,14568.0,14484.0,14518.0,91.61771823999993
2017-12-09 15:38:00,14518.0,14546.0,14475.0,14489.0,47.635685200000026
2017-12-09 15:39:00,14482.0,14487.0,14436.0,14448.0,36.59683228000001
2017-12-09 15:40:00,14448.0,14531.47584051,14442.0,14527.0,40.16653086
2017-12-09 15:41:00,14510.0,14546.0,14505.0,14546.0,28.06715224000001
2017-12-09 15:42:00,14544.0,14548.0,14532.0,14546.0,14.180649649999998
2017-12-09 15:43:00,14545.0,14549.0,14530.0,14541.0,16.85374723
2017-12-09 15:44:00,14543.0,14616.0,14536.18391627,14586.0,86.14954678999993
2017-12-09 15:45:00,14580.0,14620.0,14580.0,14586.79573072,39.34160802000003
2017-12-09 15:46:00,14586.0,14588.0,14525.59074581,14548.0,60.972463200000035
2017-12-09 15:47:00,14545.0,14587.0,14532.65285945,14574.0,20.275506399999998
2017-12-09 15:48:00,14575.0,14575.0,14540.89199203,14540.89199203,23.065934610000003
2017-12-09 15:49:00,14541.0,14549.0,14481.0,14513.0,35.64820748999999
2017-12-09 15:50:00,14512.0,14540.0,14509.0,14535.0,27.001121439999995
2017-12-09 15:51:00,14535.0,14540.0,14503.0,14529.0,16.94306990999999
2017-12-09 15:52:00,14527.0,14529.0,14489.0,14500.0,19.889647290000013
2017-12-09 15:53:00,14496.0,14500.0,14444.0,14468.0,34.57655167
2017-12-09 15:54:00,14470.0,14470.0,14438.0,14438.0,18.020338919999997
2017-12-09 15:55:00,14442.0,14447.0,14396.0,14400.0,33.849716380000004
2017-12-09 15:56:00,14400.0,14435.0,14390.0,14410.0,27.330132629999994
2017-12-09 15:57:00,14410.0,14439.66836314,14404.35779493,14421.0,21.054129619999994
2017-12-09 15:58:00,14429.0,14430.0,14377.0,14393.0,30.50576838
2017-12-09 15:59:00,14394.0,14437.31432526,14377.0,14410.0,31.975975550000012
2017-12-09 16:00:00,14410.0,14410.0,14402.0,14409.0,9.895640699999994
2017-12-09 16:01:00,14409.0,14502.0,14409.0,14500.0,47.24089862000003
2017-12-09 16:02:00,14498.0,14499.69632911,14452.0,14454.0,15.190950149999992
2017-12-09 16:03:00,14453.0,14494.0,14447.0,14449.0,19.417570999999995
2017-12-09 16:04:00,14484.0,14484.0,14426.0,14456.0,22.852699690000005
2017-12-09 16:05:00,14453.0,14516.0,14444.0,14516.0,23.510544279999994
2017-12-09 16:06:00,14516.0,14516.0,14467.0,14471.0,19.587804110000004
2017-12-09 16:07:00,14470.0,14485.0,14435.0,14451.0,33.248485380000005
2017-12-09 16:08:00,14451.0,14451.0,14435.0,14450.0,30.461403700000016
2017-12-09 16:09:00,14449.0,14496.0,14443.0,14470.0,34.79843941000003
2017-12-09 16:10:00,14461.0,14470.0,14453.0,14465.0,14.250139420000004
2017-12-09 16:11:00,14465.0,14470.0,14444.0,14444.0,58.5907953
2017-12-09 16:12:00,14443.0,14444.0,14397.0,14401.0,50.713359890000014
2017-12-09 16:13:00,14401.0,14401.0,14324.0,14401.0,168.4273034100001
2017-12-09 16:14:00,14400.0,14401.0,14330.0,14330.0,58.51875399999999
2017-12-09 16:15:00,14332.0,14348.0,14251.0,14266.0,220.9147597999998
2017-12-09 16:16:00,14266.0,14312.0,14230.0,14238.0,209.2656274699999
2017-12-09 16:17:00,14241.0,14241.0,14116.0,14148.0,257.80664603999963
2017-12-09 16:18:00,14172.0,14182.0,14055.0,14140.0,222.36312631999985
2017-12-09 16:19:00,14142.0,14229.0,14117.0,14201.0,85.39141796999999
2017-12-09 16:20:00,14201.0,14320.0,14180.0,14258.0,142.96023109000004
2017-12-09 16:21:00,14258.0,14306.66522286,14232.0,14245.0,53.135990940000006
2017-12-09 16:22:00,14246.0,14268.0,14232.0,14247.0,44.355943690000046
2017-12-09 16:23:00,14248.0,14273.0,14232.0,14239.0,47.01689621000002
2017-12-09 16:24:00,14244.0,14244.0,14160.0,14177.0,79.87869594999997
2017-12-09 16:25:00,14177.0,14180.0,14131.0,14139.0,59.58418926000002
2017-12-09 16:26:00,14131.0,14140.0,14092.0,14119.0,73.48710944999996
2017-12-09 16:27:00,14124.0,14140.0,14112.0,14113.0,45.18617081000003
2017-12-09 16:28:00,14115.0,14139.0,14044.0,14053.0,84.51259986999995
2017-12-09 16:29:00,14050.0,14059.0,14000.0,14000.0,396.64202960000006
2017-12-09 16:30:00,14001.0,14022.0,14000.0,14010.0,211.7970428999999
2017-12-09 16:31:00,14010.0,14015.94154453,14000.0,14000.0,120.97050588999997
2017-12-09 16:32:00,14000.0,14001.0,13813.0,13902.0,851.1393515199997
2017-12-09 16:33:00,13902.0,13902.0,13815.0,13832.0,120.09125535999998
2017-12-09 16:34:00,13834.0,13840.0,13805.0,13805.0,149.48792353999988
2017-12-09 16:35:00,13806.0,13812.0,13756.0,13800.0,293.6365152600002
2017-12-09 16:36:00,13800.0,14079.0,13800.0,13926.0,343.16488644000054
2017-12-09 16:37:00,13942.0,14080.0,13939.0,14049.0,148.48834772999973
2017-12-09 16:38:00,14032.0,14111.0,14030.0,14080.0,110.91173506999999
2017-12-09 16:39:00,14080.0,14161.0,14080.0,14100.0,68.79884616000001
2017-12-09 16:40:00,14096.0,14100.0,14035.0,14038.0,129.91026305000005
2017-12-09 16:41:00,14044.0,14045.0,13949.0,13968.0,124.10442481000003
2017-12-09 16:42:00,13960.0,13979.0,13938.25829445,13957.0,57.04404544
2017-12-09 16:43:00,13952.0,14000.0,13906.0,13941.0,228.59801127999992
2017-12-09 16:44:00,13941.0,13954.0,13878.0,13878.0,46.09726848000002
2017-12-09 16:45:00,13875.0,13876.0,13851.0,13857.0,57.84633237000001
2017-12-09 16:46:00,13855.0,13856.0,13736.0,13737.0,232.47502571999973
2017-12-09 16:47:00,13737.0,13740.0,13700.0,13724.0,209.58044730999984
2017-12-09 16:48:00,13700.0,13749.0,13673.0,13749.0,166.5585664599999
2017-12-09 16:49:00,13726.0,13990.0,13720.0,13932.0,272.01638178999985
2017-12-09 16:50:00,13932.0,13989.0,13835.0,13905.0,121.94500637999997
2017-12-09 16:51:00,13900.59368835,13999.0,13882.0,13936.0,117.15893486999995
2017-12-09 16:52:00,13925.0,13960.0,13906.0,13960.0,97.71792721000008
2017-12-09 16:53:00,13960.0,14149.0,13959.0,14103.0,119.45339361
2017-12-09 16:54:00,14103.0,14160.0,14004.0,14004.0,76.24551421999998
2017-12-09 16:55:00,14005.0,14041.0,13971.0,14009.0,40.83820351000002
2017-12-09 16:56:00,14009.0,14043.0,14000.0,14000.0,34.07085698000001
2017-12-09 16:57:00,14001.0,14110.0,14000.0,14095.0,45.86542989000005
2017-12-09 16:58:00,14094.0,14110.0,14027.0,14035.0,25.790177790000005
2017-12-09 16:59:00,14034.0,14150.0,14034.0,14077.0,39.33144530000004
2017-12-09 17:00:00,14076.0,14088.0,14025.0,14026.0,61.33788860000001
2017-12-09 17:01:00,14025.0,14039.0,13925.0,13932.0,129.81939293999994
2017-12-09 17:02:00,13932.0,14000.0,13926.0,13935.90425657,88.79840283000003
2017-12-09 17:03:00,13927.66512399,13927.66512399,13820.0,13825.0,102.84997744999995
2017-12-09 17:04:00,13822.0,13825.0,13700.0,13713.0,107.79711904999985
2017-12-09 17:05:00,13721.0,13899.0,13706.0,13887.0,162.59731829999993
2017-12-09 17:06:00,13873.52225272,13922.0,13779.0,13779.0,81.34704368999998
2017-12-09 17:07:00,13775.0,13792.30794582,13723.0,13780.53775641,103.58130771999988
2017-12-09 17:08:00,13787.0,13877.0,13749.0,13857.0,55.96371009000003
2017-12-09 17:09:00,13857.0,13862.0,13740.0,13740.0,61.84859486000003
2017-12-09 17:10:00,13748.0,13753.0,13650.0,13650.0,148.3715179099998
2017-12-09 17:11:00,13650.0,13650.0,13505.0,13559.0,340.99346260999977
2017-12-09 17:12:00,13559.0,13726.0,13550.0,13669.0,171.79521709999986
2017-12-09 17:13:00,13669.0,13705.0,13620.0,13632.0,52.65766275000002
2017-12-09 17:14:00,13633.0,13800.0,13632.0,13700.0,123.66156902999985
2017-12-09 17:15:00,13701.0,13712.0,13583.0,13583.0,111.98884829000008
2017-12-09 17:16:00,13587.0,13588.0,13505.0,13506.0,165.94564955
2017-12-09 17:17:00,13505.0,13533.0,13505.0,13514.53147584,148.05821364000016
2017-12-09 17:18:00,13514.0,13592.0,13514.0,13555.72713876,84.44965040000004
2017-12-09 17:19:00,13588.0,13646.0,13547.0,13620.0,160.21870625999986
2017-12-09 17:20:00,13620.0,13633.0,13550.0,13589.0,85.80473958999998
2017-12-09 17:21:00,13589.0,13788.0,13589.0,13786.0,171.07969629000002
2017-12-09 17:22:00,13754.0,13834.0,13750.0,13791.0,73.9767645500001
2017-12-09 17:23:00,13800.0,13820.0,13603.0,13630.0,167.99858322999978
2017-12-09 17:24:00,13635.0,13635.0,13560.0,13599.0,88.99319541
2017-12-09 17:25:00,13599.0,13752.0,13599.0,13708.0,90.92948880000003
2017-12-09 17:26:00,13709.0,13789.0,13610.0,13700.0,86.69546832
2017-12-09 17:27:00,13702.0,13756.0,13654.59672977,13671.0,90.78169675999995
2017-12-09 17:28:00,13672.0,13673.0,13614.0,13621.0,43.00491227999999
2017-12-09 17:29:00,13625.0,13630.0,13609.0,13620.0,24.98855055000002
2017-12-09 17:30:00,13624.0,13624.0,13512.0,13536.0,136.37985008
2017-12-09 17:31:00,13530.0,13558.0,13516.0,13520.0,30.612704340000004
2017-12-09 17:32:00,13519.0,13522.0,13305.0,13360.0,702.458918269999
2017-12-09 17:33:00,13360.0,13418.0,13320.0,13383.0,222.7853990799995
2017-12-09 17:34:00,13380.0,13400.0,13320.0,13330.91652111,223.71513718999964
2017-12-09 17:35:00,13327.38546429,13357.0,13267.35749832,13300.0,187.5013579600001
2017-12-09 17:36:00,13300.0,13542.77993041,13289.0,13542.77993041,229.11467572999956
2017-12-09 17:37:00,13541.0,13542.77993041,13425.07803636,13432.0,120.05893313999994
2017-12-09 17:38:00,13432.0,13450.0,13386.0,13386.0,108.54670678999999
2017-12-09 17:39:00,13386.0,13399.0,13355.0,13370.0,115.46379053000001
2017-12-09 17:40:00,13370.0,13410.0,13363.0,13392.0,107.66568990999997
2017-12-09 17:41:00,13391.0,13493.0,13391.0,13452.0,144.38558964999996
2017-12-09 17:42:00,13451.0,13495.0,13386.0,13387.0,99.66545119000003
2017-12-09 17:43:00,13387.0,13394.0,13275.0,13281.0,270.0487926300001
2017-12-09 17:44:00,13289.72085819,13356.0,13255.0,13356.0,323.1085556199997
2017-12-09 17:45:00,13355.0,13377.0,13271.0,13296.0,127.63231874999983
2017-12-09 17:46:00,13296.0,13299.0,13205.0,13210.0,248.70160471999972
2017-12-09 17:47:00,13205.0,13234.0,13200.0,13218.0,186.18529168000012
2017-12-09 17:48:00,13217.0,13233.0,13183.0,13200.0,193.46486458999993
2017-12-09 17:49:00,13200.0,13400.0,13200.0,13345.0,209.4704568700001
2017-12-09 17:50:00,13341.0,13353.27988098,13226.0,13226.0,114.39613007999998
2017-12-09 17:51:00,13262.0,13277.0,13171.0,13191.0,121.71153779999997
2017-12-09 17:52:00,13174.0,13198.0,13150.0,13151.0,119.28940026000008
2017-12-09 17:53:00,13152.0,13166.0,13111.0,13111.0,339.7639792800002
2017-12-09 17:54:00,13111.0,13111.0,13020.0,13029.0,428.13275463000053
2017-12-09 17:55:00,13028.0,13179.0,13010.0,13126.0,401.7167321100006
2017-12-09 17:56:00,13128.0,13413.0,13119.0,13329.0,429.9080386600001
2017-12-09 17:57:00,13330.0,13620.0,13328.0,13567.0,368.1911750000001
2017-12-09 17:58:00,13620.0,13722.0,13553.0,13600.0,266.3219386599995
2017-12-09 17:59:00,13551.019063,13600.0,13500.0,13531.00974101,215.3402027799995
2017-12-09 18:00:00,13560.0,13662.0,13559.0,13661.0,258.8911422099998
2017-12-09 18:01:00,13662.0,13816.0,13661.0,13800.0,253.76368816999997
2017-12-09 18:02:00,13800.0,13879.0,13769.94458595,13850.0,279.79755530999967
2017-12-09 18:03:00,13879.0,13999.0,13840.0,13951.0,593.6821120100004
2017-12-09 18:04:00,13949.0,13979.0,13840.0,13850.0,325.10962099000034
2017-12-09 18:05:00,13849.98187391,13877.05330954,13669.0,13749.0,277.32279261
2017-12-09 18:06:00,13703.0,13756.997377599999,13661.0,13670.0,308.54031177000024
2017-12-09 18:07:00,13676.0,13679.31412752,13546.0,13547.0,223.47660698999968
2017-12-09 18:08:00,13549.0,13791.0,13540.0,13790.0,252.9703262299999
2017-12-09 18:09:00,13780.0,13859.0,13641.0,13691.0,191.31098478999988
2017-12-09 18:10:00,13691.0,13757.0,13641.0,13725.0,165.06094773999976
2017-12-09 18:11:00,13750.0,13831.0,13738.16507455,13831.0,62.37354415000001
2017-12-09 18:12:00,13830.0,13948.0,13817.02534357,13914.0,125.13772753999986
2017-12-09 18:13:00,13914.0,14100.0,13900.59368835,14100.0,283.6545565499999
2017-12-09 18:14:00,14017.0,14172.0,14000.0,14120.0,231.24495317999845
2017-12-09 18:15:00,14119.0,14180.0,14111.0,14156.0,253.68777873999966
2017-12-09 18:16:00,14150.0,14199.0,14125.0,14199.0,187.69852198999968
2017-12-09 18:17:00,14200.0,14221.0,14181.0,14212.0,135.25435200000004
2017-12-09 18:18:00,14212.0,14332.0,14211.0,14271.0,257.1990792899999
2017-12-09 18:19:00,14269.0,14289.0,14113.6341166,14136.0,264.66506405999985
2017-12-09 18:20:00,14136.0,14164.0,14070.0,14084.0,173.41672530999986
2017-12-09 18:21:00,14084.0,14100.0,13904.0,13917.0,283.76861782
2017-12-09 18:22:00,13917.0,14114.0,13900.0,14070.0,251.32801156999983
2017-12-09 18:23:00,14074.0,14084.0,13932.0,13999.0,139.43254642999992
2017-12-09 18:24:00,13999.0,14026.0,13955.91357856,13975.0,100.60612300999998
2017-12-09 18:25:00,13975.0,14028.0,13960.62165432,14024.0,97.82729235999996
2017-12-09 18:26:00,14027.0,14198.0,14023.0,14126.58132495,163.59945983999998
2017-12-09 18:27:00,14126.0,14144.0,14074.0,14098.0,72.73547560999997
2017-12-09 18:28:00,14098.0,14173.0,14069.0,14150.0,172.8634657399999
2017-12-09 18:29:00,14149.0,14170.0,14097.0,14100.0,66.62008417000001
2017-12-09 18:30:00,14113.0,14135.0,14001.0,14020.0,166.23827305999967
2017-12-09 18:31:00,14058.0,14058.0,13939.0,14024.0,93.10616759000003
2017-12-09 18:32:00,14024.0,14024.0,13921.0,13921.0,46.153245310000024
2017-12-09 18:33:00,13921.0,13947.0,13880.0,13911.0,82.78282651999997
2017-12-09 18:34:00,13910.0,13985.0,13880.0,13933.0,167.2880601699999
2017-12-09 18:35:00,13914.0,13927.0,13820.0,13876.0,151.11942773999996
2017-12-09 18:36:00,13876.0,13880.0,13868.0,13874.0,89.99032796999998
2017-12-09 18:37:00,13878.0,13987.0,13874.0,13987.0,116.97860292999991
2017-12-09 18:38:00,13986.0,13988.0,13927.0,13930.0,80.57251363999997
2017-12-09 18:39:00,13930.0,13938.0,13868.0,13901.0,68.99248675
2017-12-09 18:40:00,13895.0,13967.0,13895.0,13956.0,38.80763178000001
2017-12-09 18:41:00,13963.0,14020.0,13956.0,14015.0,55.508254419999986
2017-12-09 18:42:00,14015.0,14170.0,14015.0,14146.0,131.35055316999993
2017-12-09 18:43:00,14145.0,14218.0,14128.0,14197.0,102.65442096000001
2017-12-09 18:44:00,14197.0,14200.0,14073.0,14104.0,143.35225477999992
2017-12-09 18:45:00,14106.0,14240.0,14104.0,14190.0,70.46045045000005
2017-12-09 18:46:00,14195.0,14246.0,14175.0,14238.0,78.96338598
2017-12-09 18:47:00,14239.0,14300.0,14234.0,14287.0,87.18294878000003
2017-12-09 18:48:00,14288.0,14443.0,14287.0,14410.0,181.83334767999992
2017-12-09 18:49:00,14408.0,14444.0,14287.0,14290.0,179.30103293999983
2017-12-09 18:50:00,14290.0,14290.0,14167.0,14211.0,104.13643011999994
2017-12-09 18:51:00,14200.0,14229.0,14168.0,14224.0,192.3147685499998
2017-12-09 18:52:00,14223.09687807,14223.09687807,14063.0,14138.0,161.42151675999983
2017-12-09 18:53:00,14112.0,14134.82045753,14055.0,14124.22728707,70.66633668000001
2017-12-09 18:54:00,14124.22728707,14170.0,14119.0,14167.0,150.49031396999982
2017-12-09 18:55:00,14153.0,14166.0,14050.0,14050.0,83.20775852999998
2017-12-09 18:56:00,14050.0,14116.0,14034.0,14098.0,44.20976998000002
2017-12-09 18:57:00,14098.0,14121.0,14081.0,14121.0,36.07262975
2017-12-09 18:58:00,14120.0,14170.0,14120.0,14165.42294999,67.42713831
2017-12-09 18:59:00,14169.0,14169.0,14103.0,14137.0,38.63054358000002
2017-12-09 19:00:00,14130.0,14161.0,14128.0,14155.0,9.799807709999994
2017-12-09 19:01:00,14159.0,14185.0,14155.0,14156.0,42.96943629000002
2017-12-09 19:02:00,14156.0,14185.0,14156.0,14161.0,22.951845990000002
2017-12-09 19:03:00,14166.0,14184.0,14160.0,14184.0,13.20236296
2017-12-09 19:04:00,14177.0,14225.0,14173.0,14220.0,31.17022472
2017-12-09 19:05:00,14222.0,14225.0,14212.0,14224.0,12.569490449999996
2017-12-09 19:06:00,14214.0,14225.0,14193.0,14199.0,51.682205480000015
2017-12-09 19:07:00,14199.0,14200.0,14156.0,14160.0,27.11535065999999
2017-12-09 19:08:00,14160.0,14179.0,14151.0,14157.1838174,38.45337415000003
2017-12-09 19:09:00,14157.0,14158.0,14065.0,14100.0,59.86625183000002
2017-12-09 19:10:00,14070.0844158,14090.0,14001.0,14024.0,67.10415824
2017-12-09 19:11:00,14011.0,14075.0,14011.0,14041.0,42.11332140000003
2017-12-09 19:12:00,14042.0,14060.0,14013.0,14014.0,31.587016630000008
2017-12-09 19:13:00,14015.0,14022.0,13975.0,13986.0,60.49057415000004
2017-12-09 19:14:00,13992.0,13997.0,13873.0,13888.0,168.98496553999993
2017-12-09 19:15:00,13870.0,13969.0,13869.0,13962.0,189.89475201999994
2017-12-09 19:16:00,13962.0,13968.0,13885.0,13899.0,53.52011693000004
2017-12-09 19:17:00,13900.0,13924.0,13809.96322993,13832.0,78.38448576
2017-12-09 19:18:00,13832.0,13894.70859365,13810.0,13862.0,73.37441043999999
2017-12-09 19:19:00,13866.0,13886.0,13854.0,13873.0,81.9788777
2017-12-09 19:20:00,13884.0,13885.0,13873.0,13885.0,54.75254294000003
2017-12-09 19:21:00,13885.0,13964.15271115,13883.0,13964.15271115,95.62703377
2017-12-09 19:22:00,13958.0,13985.0,13945.0,13954.0,76.13129343999996
2017-12-09 19:23:00,13954.0,13954.0,13895.0,13913.0,65.57467055000005
2017-12-09 19:24:00,13912.0,13960.0,13900.0,13960.0,17.58523196000001
2017-12-09 19:25:00,13951.0,13970.0,13939.0,13947.0,57.22057532000002
2017-12-09 19:26:00,13949.0,13961.0,13890.0,13894.0,63.10760898
2017-12-09 19:27:00,13895.0,13909.0,13885.0,13890.0,26.476442639999995
2017-12-09 19:28:00,13893.0,13954.0,13890.0,13954.0,50.869499360000006
2017-12-09 19:29:00,13953.0,13955.0,13893.0,13898.0,24.244788339999996
2017-12-09 19:30:00,13899.0,13923.0,13898.0,13907.0,22.65473100000001
2017-12-09 19:31:00,13912.0,13937.0,13910.00983988,13935.0,21.47146425999999
2017-12-09 19:32:00,13925.0,13938.0,13856.0,13861.0,38.00968886000001
2017-12-09 19:33:00,13861.0,13870.0,13750.0,13751.0,124.79970831000001
2017-12-09 19:34:00,13756.0,13765.0,13701.0,13701.0,114.93923969
2017-12-09 19:35:00,13701.0,13745.0,13701.0,13738.0,205.98083659000008
2017-12-09 19:36:00,13737.0,13787.0,13705.0,13770.0,77.46754253999998
2017-12-09 19:37:00,13768.0,13826.0,13751.0,13775.0,76.66201081000001
2017-12-09 19:38:00,13771.0,13822.0,13750.0,13821.0,48.300778950000016
2017-12-09 19:39:00,13822.0,13887.0,13821.0,13880.0,107.61572185999998
2017-12-09 19:40:00,13882.0,14100.0,13870.0,14037.0,268.23667526999986
2017-12-09 19:41:00,14043.0,14196.0,14037.12788546,14106.57200296,192.01700752999992
2017-12-09 19:42:00,14108.0,14229.0,14104.21796508,14221.0,148.29695633000003
2017-12-09 19:43:00,14201.0,14264.292540999999,14126.0,14127.0,101.26304376999992
2017-12-09 19:44:00,14126.0,14222.0,14126.0,14220.0,59.30368526000008
2017-12-09 19:45:00,14211.0,14222.0,14125.0,14125.0,72.93187513000005
2017-12-09 19:46:00,14125.0,14152.0,14125.0,14126.0,25.457781219999994
2017-12-09 19:47:00,14142.0,14142.0,14101.0,14101.0,85.34134708999997
2017-12-09 19:48:00,14101.0,14109.0,14051.25211275,14053.0,35.30367347999999
2017-12-09 19:49:00,14060.0,14146.59064694,14060.0,14112.0,57.74754126000004
2017-12-09 19:50:00,14111.0,14127.0,14095.0,14111.0,24.60636962000001
2017-12-09 19:51:00,14111.0,14123.0,14071.0,14076.0,15.50118796
2017-12-09 19:52:00,14081.0,14111.0,14078.0,14100.0,15.156175749999996
2017-12-09 19:53:00,14098.0,14149.0,14098.0,14133.0,34.86650539
2017-12-09 19:54:00,14134.0,14199.0,14133.64343859,14171.0,58.80273314
2017-12-09 19:55:00,14170.0,14170.0,14090.0,14090.0,23.824785279999997
2017-12-09 19:56:00,14094.0,14119.0,14076.0,14117.0,26.063523270000005
2017-12-09 19:57:00,14119.0,14130.0,14085.0,14091.0,6.424696129999998
2017-12-09 19:58:00,14090.09373779,14090.09373779,14061.0,14089.0,28.047124620000012
2017-12-09 19:59:00,14083.0,14083.0,14043.0,14044.0,26.20555457
2017-12-09 20:00:00,14044.0,14136.0,14042.0,14135.0,25.274422160000007
2017-12-09 20:01:00,14135.0,14267.0,14135.0,14189.0,67.79686303999999
2017-12-09 20:02:00,14189.0,14225.0,14111.0,14129.0,18.08165299000001
2017-12-09 20:03:00,14128.0,14214.85774549,14123.0,14199.0,34.105907460000005
2017-12-09 20:04:00,14200.0,14228.0,14137.0,14149.0,15.890797689999996
2017-12-09 20:05:00,14152.0,14161.89189316,14130.0,14144.0,14.919786990000002
2017-12-09 20:06:00,14143.0,14186.0,14130.0,14186.0,31.53161227000001
2017-12-09 20:07:00,14185.0,14199.0,14130.0,14166.0,21.574247179999993
2017-12-09 20:08:00,14166.0,14185.0,14160.0,14160.0,6.646497780000001
2017-12-09 20:09:00,14161.0,14288.0,14158.0,14267.0,55.57329002000002
2017-12-09 20:10:00,14267.0,14329.0,14257.0,14300.0,86.15149162999988
2017-12-09 20:11:00,14300.0,14400.0,14285.0,14373.0,179.73919673000003
2017-12-09 20:12:00,14373.0,14385.0,14313.0,14313.0,59.19438981000004
2017-12-09 20:13:00,14330.0,14352.0,14264.0,14271.0,38.747431959999986
2017-12-09 20:14:00,14271.0,14370.0,14271.0,14352.0,44.36773813999999
2017-12-09 20:15:00,14353.0,14353.0,14301.0,14327.0,27.29838508000001
2017-12-09 20:16:00,14328.0,14340.0,14300.0,14327.0,59.25226410000001
2017-12-09 20:17:00,14325.0,14343.0,14300.0,14342.0,36.97426146999997
2017-12-09 20:18:00,14342.0,14350.0,14320.0,14347.0,9.873507329999999
2017-12-09 20:19:00,14347.0,14348.0,14313.0,14313.0,7.601231859999997
2017-12-09 20:20:00,14313.0,14321.0,14300.0,14319.0,24.704229690000005
2017-12-09 20:21:00,14319.0,14320.0,14261.0,14261.0,27.690899270000006
2017-12-09 20:22:00,14265.0,14278.0,14193.0,14278.0,70.75920891999998
2017-12-09 20:23:00,14266.0,14271.0,14201.0,14204.0,14.18814253999999
2017-12-09 20:24:00,14203.0,14250.0,14193.0,14240.0,12.998974289999998
2017-12-09 20:25:00,14240.0,14243.0,14220.0,14240.0,17.66318115
2017-12-09 20:26:00,14239.0,14300.0,14226.0,14294.0,73.46950856
2017-12-09 20:27:00,14293.0,14293.0,14235.0,14247.0,5.9940282899999975
2017-12-09 20:28:00,14249.0,14289.0,14243.0,14287.0,16.371681900000002
2017-12-09 20:29:00,14287.0,14290.0,14264.0,14265.0,19.951981800000006
2017-12-09 20:30:00,14265.0,14323.0,14265.0,14323.0,47.440988430000004
2017-12-09 20:31:00,14321.0,14343.0,14319.0,14339.0,15.312002969999996
2017-12-09 20:32:00,14340.0,14374.0,14338.0,14371.0,30.275793099999994
2017-12-09 20:33:00,14371.0,14409.0,14370.0,14408.0,103.86604853
2017-12-09 20:34:00,14409.0,14420.0,14408.0,14418.0,76.64390142
2017-12-09 20:35:00,14418.0,14450.0,14416.0,14450.0,42.93478519999999
2017-12-09 20:36:00,14447.0,14500.0,14446.0,14498.0,78.83396397000004
2017-12-09 20:37:00,14497.0,14560.0,14494.0,14546.0,190.3004860899999
2017-12-09 20:38:00,14546.0,14553.0,14491.0,14491.0,90.97451633999995
2017-12-09 20:39:00,14492.0,14492.0,14453.0,14489.0,80.01661100000003
2017-12-09 20:40:00,14489.0,14523.0,14489.0,14498.0,28.182248179999995
2017-12-09 20:41:00,14499.0,14516.0,14450.0,14483.0,37.133107510000016
2017-12-09 20:42:00,14482.0,14485.0,14432.0,14438.0,36.25234302000001
2017-12-09 20:43:00,14438.0,14442.0,14394.0,14417.0,51.66190027000003
2017-12-09 20:44:00,14418.0,14425.0,14366.0,14400.0,29.498163499999993
2017-12-09 20:45:00,14400.0,14485.0,14399.0,14474.0,39.273750430000014
2017-12-09 20:46:00,14475.0,14499.0,14470.0,14475.0,28.499150970000024
2017-12-09 20:47:00,14475.0,14484.0,14424.0,14424.0,19.55857256000002
2017-12-09 20:48:00,14424.0,14425.0,14392.0,14393.0,44.16524814999999
2017-12-09 20:49:00,14418.0,14425.0,14395.0,14424.0,20.760618620000002
2017-12-09 20:50:00,14423.0,14500.0,14423.0,14475.0,57.41515565999998
2017-12-09 20:51:00,14474.0,14475.0,14428.0,14431.0,37.02672861
2017-12-09 20:52:00,14445.0,14450.0,14424.0,14439.0,19.667521400000002
2017-12-09 20:53:00,14437.0,14440.0,14412.0,14427.0,27.787367260000018
2017-12-09 20:54:00,14430.0,14457.32364725,14377.0,14431.0,50.204173100000006
2017-12-09 20:55:00,14430.0,14489.10315865,14425.0,14479.0,25.804884179999995
2017-12-09 20:56:00,14456.0,14487.92613971,14437.0,14446.0,10.832044999999997
2017-12-09 20:57:00,14444.0,14444.0,14434.0,14443.0,8.890873240000001
2017-12-09 20:58:00,14442.0,14443.0,14370.0,14370.0,167.47574546
2017-12-09 20:59:00,14364.0,14372.0,14270.0,14270.0,108.73055431
2017-12-09 21:00:00,14300.0,14303.0,14200.0,14253.0,112.29649240999996
2017-12-09 21:01:00,14255.0,14343.0,14255.0,14313.0,84.32787184999997
2017-12-09 21:02:00,14312.0,14313.0,14237.0,14266.0,35.60421762000001
2017-12-09 21:03:00,14264.0,14329.0,14264.0,14306.0,39.34443839000003
2017-12-09 21:04:00,14307.0,14312.0,14292.0,14300.0,13.758763219999997
2017-12-09 21:05:00,14301.0,14333.0,14301.0,14317.0,14.269303289999996
2017-12-09 21:06:00,14330.0,14330.0,14317.0,14329.0,3.4398646599999996
2017-12-09 21:07:00,14327.0,14330.0,14290.0,14290.0,52.10855271000001
2017-12-09 21:08:00,14300.0,14300.0,14222.0,14247.0,53.27639774
2017-12-09 21:09:00,14246.0,14253.69937053,14246.0,14251.0,15.605746469999998
2017-12-09 21:10:00,14251.0,14320.0,14251.0,14317.0,19.35098179
2017-12-09 21:11:00,14312.0,14315.0,14284.0,14286.0,7.513559659999999
2017-12-09 21:12:00,14285.0,14285.0,14237.0,14237.0,23.641074330000002
2017-12-09 21:13:00,14238.0,14249.0,14200.0,14201.0,25.400554649999997
2017-12-09 21:14:00,14205.0,14206.0,14117.0,14126.0,108.96707299000005
2017-12-09 21:15:00,14134.0,14204.0,14133.0,14180.0,58.226830530000036
2017-12-09 21:16:00,14181.0,14181.0,14091.27075673,14114.0,35.474920580000045
2017-12-09 21:17:00,14112.0,14134.0,14081.0,14107.0,31.68631620000001
2017-12-09 21:18:00,14108.0,14133.64343859,14074.79249156,14081.0,34.99923474000002
2017-12-09 21:19:00,14081.0,14131.28940071,14080.0,14105.0,42.46062912000001
2017-12-09 21:20:00,14104.0,14114.81113554,14090.0,14112.0,35.830191010000014
2017-12-09 21:21:00,14104.0,14159.0,14104.0,14138.0,28.699994039999996
2017-12-09 21:22:00,14138.0,14187.0,14137.0,14171.0,37.46882496000001
2017-12-09 21:23:00,14170.0,14218.0,14170.0,14202.0,75.20305949000002
2017-12-09 21:24:00,14203.0,14203.0,14111.0,14133.0,52.32253620000001
2017-12-09 21:25:00,14138.0,14167.0,14133.0,14162.0,15.62679259
2017-12-09 21:26:00,14162.0,14166.0,14150.0,14163.0,19.724804160000005
2017-12-09 21:27:00,14163.0,14166.0,14134.0,14136.0,13.046964109999992
2017-12-09 21:28:00,14137.0,14150.0,14133.0,14150.0,26.67372037
2017-12-09 21:29:00,14156.0,14168.0,14156.0,14165.0,9.17748735
2017-12-09 21:30:00,14165.0,14190.0,14164.0,14190.0,29.481899330000005
2017-12-09 21:31:00,14188.963328799999,14300.0,14187.0,14276.0,53.50039881000001
2017-12-09 21:32:00,14276.0,14300.0,14237.0,14300.0,22.225552600000007
2017-12-09 21:33:00,14277.0,14308.0,14272.0,14304.0,20.002818210000004
2017-12-09 21:34:00,14305.0,14319.0,14240.0,14261.0,34.49487938999999
2017-12-09 21:35:00,14261.0,14282.0,14223.0,14251.0,13.345841769999993
2017-12-09 21:36:00,14261.0,14266.0,14214.0,14235.0,3.0604778599999998
2017-12-09 21:37:00,14233.0,14245.0,14170.13102575,14211.0,17.450902169999996
2017-12-09 21:38:00,14213.0,14214.0,14151.2987227,14214.0,22.409983389999983
2017-12-09 21:39:00,14214.0,14256.0,14214.0,14239.0,15.302301380000001
2017-12-09 21:40:00,14245.0,14256.0,14238.0,14251.0,6.211305139999999
2017-12-09 21:41:00,14251.0,14251.0,14206.61861291,14242.0,10.852409030000002
2017-12-09 21:42:00,14229.0,14259.0,14228.0,14250.0,10.125960799999998
2017-12-09 21:43:00,14251.0,14289.0,14250.0,14289.0,26.628039910000012
2017-12-09 21:44:00,14284.0,14300.0,14284.0,14300.0,41.35620873999999
2017-12-09 21:45:00,14299.0,14300.0,14252.0,14269.0,17.69257371
2017-12-09 21:46:00,14269.0,14274.0,14252.0,14259.58446523,9.57617466
2017-12-09 21:47:00,14257.0,14288.0,14257.0,14273.0,4.519884459999999
2017-12-09 21:48:00,14274.0,14286.0,14238.3981243,14238.3981243,18.25018805999999
2017-12-09 21:49:00,14277.0,14306.0,14276.0,14306.0,19.738647810000003
2017-12-09 21:50:00,14302.0,14313.0,14284.0,14299.0,27.142985510000006
2017-12-09 21:51:00,14298.0,14322.0,14292.54099557,14321.0,19.62019306
2017-12-09 21:52:00,14322.0,14329.0,14301.0,14320.0,10.54903825
2017-12-09 21:53:00,14308.0,14361.98511306,14307.0,14347.0,24.877538410000007
2017-12-09 21:54:00,14347.0,14364.0,14340.0,14340.0,22.240948430000003
2017-12-09 21:55:00,14343.0,14368.0,14336.0,14368.0,15.753013220000001
2017-12-09 21:56:00,14370.0,14380.0,14368.0,14379.0,12.845819209999998
2017-12-09 21:57:00,14380.0,14400.0,14379.0,14400.0,23.456593449999993
2017-12-09 21:58:00,14399.0,14463.0,14399.0,14433.0,43.16161579
2017-12-09 21:59:00,14443.0,14450.0,14370.0,14392.0,39.708167790000005
2017-12-09 22:00:00,14386.0,14410.0,14386.0,14410.0,14.973065570000001
2017-12-09 22:01:00,14410.0,14410.0,14372.0,14380.0,11.67417057
2017-12-09 22:02:00,14381.0,14398.0,14367.0,14385.0,13.466411789999997
2017-12-09 22:03:00,14384.0,14390.0,14322.0,14338.0,16.732668920000012
2017-12-09 22:04:00,14339.0,14350.0,14313.0,14329.0,17.316181499999992
2017-12-09 22:05:00,14330.0,14365.0,14311.0,14333.0,21.418567859999985
2017-12-09 22:06:00,14342.0,14343.0,14264.0,14290.0,43.92929000000002
2017-12-09 22:07:00,14286.0,14356.0,14281.0,14356.0,22.73182641
2017-12-09 22:08:00,14359.0,14363.0,14307.0,14324.0,12.81260858
2017-12-09 22:09:00,14325.0,14388.0,14324.0,14383.0,43.95088166
2017-12-09 22:10:00,14387.0,14388.0,14387.0,14388.0,11.447787800000004
2017-12-09 22:11:00,14388.0,14450.0,14387.0,14447.0,47.968926090000025
2017-12-09 22:12:00,14448.0,14458.0,14447.0,14456.0,9.20887584
2017-12-09 22:13:00,14455.0,14466.0,14455.0,14460.0,13.027023310000002
2017-12-09 22:14:00,14460.0,14473.0,14455.0,14456.0,15.674612280000002
2017-12-09 22:15:00,14456.0,14476.0,14447.0,14476.0,30.013646840000025
2017-12-09 22:16:00,14477.0,14493.0,14476.0,14493.0,27.697698330000012
2017-12-09 22:17:00,14493.0,14541.0,14492.0,14524.0,43.347921179999986
2017-12-09 22:18:00,14540.0,14541.0,14485.0,14518.0,60.50071988000001
2017-12-09 22:19:00,14519.0,14649.0,14519.0,14593.85784436,241.30838960999995
2017-12-09 22:20:00,14611.0,14700.0,14609.0,14700.0,114.77531578000001
2017-12-09 22:21:00,14699.0,14700.0,14634.0,14648.0,49.98619959999998
2017-12-09 22:22:00,14648.0,14691.0,14571.0,14578.0,73.86843777000001
2017-12-09 22:23:00,14575.0,14593.0,14471.0,14478.0,105.28240504000006
2017-12-09 22:24:00,14480.0,14598.0,14470.0,14580.0,133.10495759999992
2017-12-09 22:25:00,14579.0,14610.0,14570.0,14571.0,66.70724943000006
2017-12-09 22:26:00,14571.0,14571.0,14502.0,14504.0,27.748313579999994
2017-12-09 22:27:00,14504.0,14565.0,14490.0,14565.0,46.15982776000002
2017-12-09 22:28:00,14563.0,14590.0,14500.0,14500.0,22.343111349999994
2017-12-09 22:29:00,14500.0,14546.0,14500.0,14545.0,33.99007527
2017-12-09 22:30:00,14542.0,14600.0,14541.0,14569.0,80.75242833999994
2017-12-09 22:31:00,14591.0,14706.0,14572.0,14703.0,148.85840259999995
2017-12-09 22:32:00,14703.0,14775.0,14668.0,14753.0,70.81422371000002
2017-12-09 22:33:00,14765.0,14793.0,14726.0,14751.0,68.13661831000003
2017-12-09 22:34:00,14751.0,14751.0,14647.0,14684.0,173.01957880999996
2017-12-09 22:35:00,14685.0,14687.0,14620.0,14636.0,50.72967181000003
2017-12-09 22:36:00,14636.0,14712.0,14634.0,14670.0,90.50051394
2017-12-09 22:37:00,14670.0,14697.0,14655.0,14686.0,35.469375289999995
2017-12-09 22:38:00,14686.0,14738.0,14685.0,14734.0,37.14113129
2017-12-09 22:39:00,14734.0,14752.0,14643.0,14660.0,51.38366575000005
2017-12-09 22:40:00,14674.0,14712.0,14645.0,14706.0,28.49687824
2017-12-09 22:41:00,14706.0,14731.0,14689.0,14716.0,121.8763941799999
2017-12-09 22:42:00,14716.0,14726.0,14679.78022702,14720.0,25.302015300000015
2017-12-09 22:43:00,14719.0,14758.0,14719.0,14745.0,38.34094525000001
2017-12-09 22:44:00,14745.0,14773.0,14732.0,14768.0,31.757133249999992
2017-12-09 22:45:00,14775.0,14824.0,14767.0,14824.0,104.99814109999984
2017-12-09 22:46:00,14823.0,14824.0,14757.4634771,14811.0,78.21694523000001
2017-12-09 22:47:00,14812.0,14820.0,14769.0,14820.0,37.52615159999999
2017-12-09 22:48:00,14819.0,14849.0,14819.0,14836.0,67.25124811000002
2017-12-09 22:49:00,14833.0,14848.0,14825.0,14835.0,44.649360590000015
2017-12-09 22:50:00,14834.0,14849.0,14781.0,14790.0,64.62083278000003
2017-12-09 22:51:00,14790.0,14819.0,14754.0,14819.0,49.06137732000003
2017-12-09 22:52:00,14819.0,14851.0,14817.0,14817.0,50.28495105999998
2017-12-09 22:53:00,14817.0,14830.0,14788.0,14788.0,37.695647109999996
2017-12-09 22:54:00,14790.0,14790.0,14738.0,14744.0,51.91461519000003
2017-12-09 22:55:00,14739.0,14739.0,14630.0,14638.0,58.670141090000044
2017-12-09 22:56:00,14633.0,14706.0,14619.0,14697.0,66.77666796999999
2017-12-09 22:57:00,14706.0,14732.74607935,14703.0,14710.0,25.06779276000001
2017-12-09 22:58:00,14709.0,14721.0,14650.0,14650.0,28.71982327999999
2017-12-09 22:59:00,14650.0,14691.0,14650.0,14675.0,12.052978610000004
2017-12-09 23:00:00,14674.0,14719.0,14674.0,14701.0,14.128488969999994
2017-12-09 23:01:00,14701.0,14701.0,14640.0,14682.0,16.953386160000008
2017-12-09 23:02:00,14683.0,14684.0,14620.0,14627.0,28.391048380000015
2017-12-09 23:03:00,14626.0,14633.0,14601.0,14623.0,27.39448493999999
2017-12-09 23:04:00,14625.0,14657.0,14602.0,14603.0,25.187005320000008
2017-12-09 23:05:00,14602.0,14602.0,14525.0,14538.0,119.53837415999993
2017-12-09 23:06:00,14538.0,14594.0,14527.94478369,14554.0,71.11379054999999
2017-12-09 23:07:00,14542.0,14586.0,14521.0,14577.0,64.64808244
2017-12-09 23:08:00,14577.0,14579.73361707,14540.0,14547.0,20.540220299999994
2017-12-09 23:09:00,14548.0,14633.0,14548.0,14629.16841258,49.89926233
2017-12-09 23:10:00,14632.0,14650.0,14551.0,14566.0,38.134484460000024
2017-12-09 23:11:00,14561.0,14590.0,14543.0,14582.0,14.205822510000004
2017-12-09 23:12:00,14579.0,14579.0,14537.0,14557.0,21.341562760000002
2017-12-09 23:13:00,14558.0,14569.0,14513.0,14519.0,41.22460769999999
2017-12-09 23:14:00,14519.0,14520.0,14471.0,14476.155950299999,42.28805387000002
2017-12-09 23:15:00,14477.33296924,14492.0,14450.0,14470.0,37.42332387
2017-12-09 23:16:00,14470.0,14493.0,14451.0,14458.0,26.4293104
2017-12-09 23:17:00,14457.0,14536.18391627,14456.14662831,14531.0,63.013782789999986
2017-12-09 23:18:00,14531.0,14550.0,14500.0,14500.0,48.563304339999995
2017-12-09 23:19:00,14500.0,14502.0,14479.68700712,14498.0,13.831657859999988
2017-12-09 23:20:00,14498.0,14503.0,14492.0,14492.0,19.315442970000003
2017-12-09 23:21:00,14498.0,14498.0,14451.0,14454.0,11.82779824
2017-12-09 23:22:00,14453.0,14491.0,14450.0,14487.0,22.51721607000001
2017-12-09 23:23:00,14489.0,14579.73361707,14487.0,14562.0,47.604928410000014
2017-12-09 23:24:00,14561.0,14599.0,14559.0,14559.0,52.78536972000003
2017-12-09 23:25:00,14566.0,14596.0,14562.0,14594.0,16.267176949999993
2017-12-09 23:26:00,14594.0,14595.0,14572.0,14572.0,12.812418969999998
2017-12-09 23:27:00,14572.0,14573.0,14530.29882157,14537.0,15.890004230000004
2017-12-09 23:28:00,14537.0,14559.0,14524.0,14559.0,10.781811610000002
2017-12-09 23:29:00,14559.0,14586.0,14542.0,14542.0,15.528967649999993
2017-12-09 23:30:00,14543.0,14552.0,14515.0,14516.0,9.114864649999996
2017-12-09 23:31:00,14516.0,14521.0,14453.0,14472.0,52.165295029999996
2017-12-09 23:32:00,14472.0,14472.0,14404.0,14419.0,51.98610002000001
2017-12-09 23:33:00,14431.0,14448.0,14402.0,14423.0,30.48548144
2017-12-09 23:34:00,14432.0,14502.0,14429.0,14499.0,24.750562830000003
2017-12-09 23:35:00,14492.0,14513.820556400002,14443.0,14450.0,33.22373624
2017-12-09 23:36:00,14449.0,14471.0,14420.0,14462.0,21.082440169999998
2017-12-09 23:37:00,14462.0,14489.0,14446.0,14448.0,11.982927599999998
2017-12-09 23:38:00,14449.0,14484.0,14447.0,14472.0,10.87533812
2017-12-09 23:39:00,14464.0,14500.0,14440.0,14500.0,20.82896355
2017-12-09 23:40:00,14501.0,14574.0,14501.0,14548.0,52.292348550000014
2017-12-09 23:41:00,14548.0,14600.0,14547.0,14586.0,33.586668429999996
2017-12-09 23:42:00,14585.0,14586.0,14562.0,14562.0,8.678030929999998
2017-12-09 23:43:00,14562.0,14563.0,14541.0,14541.0,5.258280759999998
2017-12-09 23:44:00,14542.0,14542.0,14528.0,14535.0,5.662743119999998
2017-12-09 23:45:00,14534.0,14587.0,14533.82987839,14579.0,5.319653420000001
2017-12-09 23:46:00,14580.0,14587.97274966,14574.0,14584.0,10.62074693
2017-12-09 23:47:00,14584.0,14642.0,14584.0,14625.0,42.61260720000003
2017-12-09 23:48:00,14628.0,14640.0,14600.0,14611.0,24.365325800000004
2017-12-09 23:49:00,14610.0,14610.0,14581.0,14581.0,12.265457719999997
2017-12-09 23:50:00,14582.0,14582.0,14560.0,14571.0,5.8142109799999995
2017-12-09 23:51:00,14571.0,14624.0,14571.0,14607.0,15.660757729999995
2017-12-09 23:52:00,14606.0,14620.0,14606.0,14610.0,6.620774129999992
2017-12-09 23:53:00,14611.0,14662.0,14610.0,14660.0,69.61080618
2017-12-09 23:54:00,14660.0,14668.0,14652.0,14666.0,13.37119656
2017-12-09 23:55:00,14665.0,14666.0,14630.0,14636.0,23.353243910000007
2017-12-09 23:56:00,14638.0,14650.0,14609.15909059,14650.0,26.858032270000002
2017-12-09 23:57:00,14650.0,14698.61253007,14649.0,14679.0,33.5966765
2017-12-09 23:58:00,14684.0,14699.0,14677.0,14690.0,7.565714640000001
2017-12-09 23:59:00,14684.0,14700.0,14600.0,14661.0,74.32297439999994
